    GATE_NAME GATE_TYPE  MEAN_DIFF  SIZE_DIFF      LIM2      LIM4
30       U271    NOR2X0  12.111888         13  0.062500  0.004767
34       U275    NOR2X0  12.111888         13  0.062500  0.004767
7        U248    NOR2X0  11.827822         13  0.062500  0.004872
10       U251    NOR2X0  11.668919         13  0.062500  0.004933
20       U261    NOR2X0  11.458472         13  0.062500  0.005017
66       U307    NOR2X0  11.417219         13  0.062500  0.005033
74       U315    NOR2X0  11.389868         13  0.062500  0.005044
42       U283    NOR2X0  11.389868         13  0.062500  0.005044
24       U265    NOR2X0  11.389868         13  0.062500  0.005044
62       U303    NOR2X0  11.308534         13  0.062500  0.005078
48       U289    NOR2X0  11.254902         13  0.062500  0.005100
72       U313    NOR2X0  11.201735         13  0.062500  0.005122
16       U257    NOR2X0  11.135922         13  0.062500  0.005150
32       U273    NOR2X0  11.122845         13  0.062500  0.005156
46       U287    NOR2X0  11.109795         13  0.062500  0.005161
44       U285    NOR2X0  11.070815         13  0.062500  0.005178
14       U255    NOR2X0  11.057878         13  0.062500  0.005183
54       U295    NOR2X0  11.032086         13  0.062500  0.005194
78       U319    NOR2X0  10.968085         13  0.062500  0.005222
3        U244    NOR2X0  10.942675         13  0.062500  0.005233
58       U299    NOR2X0  10.892178         13  0.062500  0.005256
22       U263    NOR2X0  10.879620         13  0.062500  0.005261
76       U317    NOR2X0  10.755486         13  0.062500  0.005317
68       U309    NOR2X0  10.730970         13  0.062500  0.005328
64       U305    NOR2X0  10.718750         13  0.062500  0.005333
26       U267    NOR2X0  10.706556         13  0.062500  0.005339
52       U293    NOR2X0  10.658031         13  0.062500  0.005361
1        U242    NOR2X0  10.585994         13  0.062500  0.005394
36       U277    NOR2X0  10.574074         13  0.062500  0.005400
5        U246    NOR2X0  10.514841         13  0.062500  0.005428
56       U297    NOR2X0  10.432927         13  0.062500  0.005467
12       U253    NOR2X0  10.007828         13  0.062500  0.005678
57       U298   XNOR2X1   4.171717          7  0.666667  0.128906
75       U316   XNOR2X1   4.171717          7  0.666667  0.128906
61       U302   XNOR2X1   4.171717          7  0.666667  0.128906
55       U296   XNOR2X1   4.171717          7  0.666667  0.128906
73       U314   XNOR2X1   4.171717          7  0.666667  0.128906
77       U318   XNOR2X1   4.171717          7  0.666667  0.128906
53       U294   XNOR2X1   4.171717          7  0.666667  0.128906
63       U304    XOR2X1   4.171717          7  0.666667  0.128906
51       U292   XNOR2X1   4.171717          7  0.666667  0.128906
71       U312   XNOR2X1   4.171717          7  0.666667  0.128906
65       U306    XOR2X1   4.171717          7  0.666667  0.128906
47       U288   XNOR2X1   4.171717          7  0.666667  0.128906
67       U308   XNOR2X1   4.171717          7  0.666667  0.128906
0        U241   XNOR2X1   4.171717          7  0.666667  0.128906
45       U286    XOR2X1   4.171717          7  0.666667  0.128906
21       U262    XOR2X1   4.171717          7  0.666667  0.128906
25       U266   XNOR2X1   4.171717          7  0.666667  0.128906
19       U260   XNOR2X1   4.171717          7  0.666667  0.128906
15       U256   XNOR2X1   4.171717          7  0.666667  0.128906
29       U270   XNOR2X1   4.171717          7  0.666667  0.128906
13       U254   XNOR2X1   4.171717          7  0.666667  0.128906
11       U252   XNOR2X1   4.171717          7  0.666667  0.128906
31       U272   XNOR2X1   4.171717          7  0.666667  0.128906
33       U274   XNOR2X1   4.171717          7  0.666667  0.128906
35       U276   XNOR2X1   4.171717          7  0.666667  0.128906
9        U250   XNOR2X1   4.171717          7  0.666667  0.128906
6        U247   XNOR2X1   4.171717          7  0.666667  0.128906
4        U245    XOR2X1   4.171717          7  0.666667  0.128906
43       U284    XOR2X1   4.171717          7  0.666667  0.128906
2        U243    XOR2X1   4.171717          7  0.666667  0.128906
41       U282   XNOR2X1   4.171717          7  0.666667  0.128906
23       U264    XOR2X1   4.171717          7  0.666667  0.128906
49       U290   NAND4X0   2.897984         26  0.072917  0.018706
59       U300   NAND4X0   2.870825         26  0.072917  0.018838
17       U258   NAND4X0   2.868258         26  0.072917  0.018850
37       U278   NAND4X0   2.832047         26  0.072917  0.019028
27       U268   NAND4X0   2.821378         26  0.072917  0.019081
8        U249   NAND4X0   2.799598         26  0.072917  0.019191
69       U310   NAND4X0   2.758591         26  0.072917  0.019400
79       U320   NAND4X0   2.754358         26  0.072917  0.019422
93       U334    NOR2X0   0.250000          8  0.500000  0.400000
50       U291    NOR2X0   0.250000          8  0.500000  0.400000
140      U381    NOR2X0   0.250000          8  0.500000  0.400000
18       U259    NOR2X0   0.250000          8  0.500000  0.400000
82       U323    NOR2X0   0.250000          8  0.500000  0.400000
28       U269    NOR2X0   0.250000          8  0.500000  0.400000
70       U311    NOR2X0   0.250000          8  0.500000  0.400000
60       U301    NOR2X0   0.250000          8  0.500000  0.400000
129      U370    XOR3X1   0.000000          0  1.000000  1.000000
150      U391    XOR3X1   0.000000          0  1.000000  1.000000
149      U390    XOR2X1   0.000000          2  1.000000  1.000000
147      U388   NAND3X0   0.000000          6  0.250000  0.250000
152      U393     INVX0   0.000000          0  1.000000  1.000000
144      U385    XOR2X1   0.000000          0  1.000000  1.000000
143      U384    XOR3X1   0.000000          0  1.000000  1.000000
139      U380     INVX0   0.000000          0  1.000000  1.000000
126      U367    XOR2X1   0.000000          2  1.000000  1.000000
138      U379     INVX0   0.000000          0  1.000000  1.000000
137      U378    XOR2X1   0.000000          0  1.000000  1.000000
136      U377    XOR3X1   0.000000          0  1.000000  1.000000
135      U376    XOR2X1   0.000000          2  1.000000  1.000000
124      U365   NAND3X0   0.000000          6  0.250000  0.250000
133      U374   NAND3X0   0.000000          6  0.250000  0.250000
130      U371    XOR2X1   0.000000          0  1.000000  1.000000
151      U392    XOR2X1   0.000000          0  1.000000  1.000000
176      U417   XNOR3X1   0.000000          0  1.000000  1.000000
153      U394     INVX0   0.000000          0  1.000000  1.000000
170      U411    XOR2X1   0.000000          0  1.000000  1.000000
178      U419    XOR3X1   0.000000          0  1.000000  1.000000
179      U420    XOR2X1   0.000000          0  1.000000  1.000000
180      U421     INVX0   0.000000          0  1.000000  1.000000
120      U361    XOR3X1   0.000000          0  1.000000  1.000000
177      U418   XNOR2X1   0.000000          0  1.000000  1.000000
175      U416    XOR2X1   0.000000          2  1.000000  1.000000
173      U414   NAND3X0   0.000000          6  0.250000  0.250000
169      U410    XOR3X1   0.000000          0  1.000000  1.000000
156      U397    XOR3X1   0.000000          0  1.000000  1.000000
166      U407   XNOR2X1   0.000000          0  1.000000  1.000000
165      U406   XNOR3X1   0.000000          0  1.000000  1.000000
164      U405   XNOR2X1   0.000000          0  1.000000  1.000000
163      U404   XNOR3X1   0.000000          0  1.000000  1.000000
162      U403    XOR2X1   0.000000          2  1.000000  1.000000
160      U401   NAND3X0   0.000000          6  0.250000  0.250000
157      U398    XOR2X1   0.000000          0  1.000000  1.000000
121      U362    XOR2X1   0.000000          0  1.000000  1.000000
181      U422     INVX0   0.000000          0  1.000000  1.000000
100      U341   NAND3X0   0.000000          6  0.250000  0.250000
113      U354    XOR2X1   0.000000          0  1.000000  1.000000
97       U338    XOR2X1   0.000000          0  1.000000  1.000000
105      U346    XOR3X1   0.000000          0  1.000000  1.000000
106      U347    XOR2X1   0.000000          0  1.000000  1.000000
96       U337    XOR3X1   0.000000          0  1.000000  1.000000
109      U350   NAND3X0   0.000000          6  0.250000  0.250000
92       U333    XOR2X1   0.000000          2  1.000000  1.000000
90       U331   NAND3X0   0.000000          6  0.250000  0.250000
87       U328    XOR2X1   0.000000          0  1.000000  1.000000
112      U353    XOR3X1   0.000000          0  1.000000  1.000000
111      U352    XOR2X1   0.000000          2  1.000000  1.000000
102      U343    XOR2X1   0.000000          2  1.000000  1.000000
116      U357   XNOR3X1   0.000000          0  1.000000  1.000000
114      U355     INVX0   0.000000          0  1.000000  1.000000
86       U327    XOR3X1   0.000000          0  1.000000  1.000000
117      U358   XNOR2X1   0.000000          0  1.000000  1.000000
115      U356     INVX0   0.000000          0  1.000000  1.000000
119      U360   MUX21X1  -0.085714          3  0.800000  0.875000
104      U345   MUX21X1  -0.085714          3  0.800000  0.875000
142      U383   MUX21X1  -0.085714          3  0.800000  0.875000
155      U396   MUX21X1  -0.085714          3  0.800000  0.875000
128      U369   MUX21X1  -0.085714          3  0.800000  0.875000
168      U409   MUX21X1  -0.085714          3  0.800000  0.875000
85       U326   MUX21X1  -0.085714          3  0.800000  0.875000
95       U336   MUX21X1  -0.085714          3  0.800000  0.875000
161      U402    AO21X1  -0.230769          6  0.500000  0.650000
148      U389    AO21X1  -0.230769          6  0.500000  0.650000
101      U342    AO21X1  -0.230769          6  0.500000  0.650000
174      U415    AO21X1  -0.230769          6  0.500000  0.650000
91       U332    AO21X1  -0.230769          6  0.500000  0.650000
110      U351    AO21X1  -0.230769          6  0.500000  0.650000
125      U366    AO21X1  -0.230769          6  0.500000  0.650000
134      U375    AO21X1  -0.230769          6  0.500000  0.650000
146      U387    AND2X1  -0.238095          5  0.666667  0.875000
122      U363   NAND2X0  -0.238095          5  0.666667  0.875000
172      U413    AND2X1  -0.238095          5  0.666667  0.875000
171      U412   NAND2X0  -0.238095          5  0.666667  0.875000
123      U364    AND2X1  -0.238095          5  0.666667  0.875000
131      U372   NAND2X0  -0.238095          5  0.666667  0.875000
145      U386   NAND2X0  -0.238095          5  0.666667  0.875000
89       U330    AND2X1  -0.238095          5  0.666667  0.875000
132      U373    AND2X1  -0.238095          5  0.666667  0.875000
88       U329   NAND2X0  -0.238095          5  0.666667  0.875000
98       U339   NAND2X0  -0.238095          5  0.666667  0.875000
158      U399   NAND2X0  -0.238095          5  0.666667  0.875000
108      U349    AND2X1  -0.238095          5  0.666667  0.875000
107      U348   NAND2X0  -0.238095          5  0.666667  0.875000
159      U400    AND2X1  -0.238095          5  0.666667  0.875000
99       U340    AND2X1  -0.238095          5  0.666667  0.875000
38       U279   NAND2X0  -0.270748         14  0.218750  0.299965
80       U321   NAND2X0  -0.272107         14  0.218750  0.300525
81       U322     OR3X1  -0.309797         11  0.171875  0.249021
84       U325     OR3X1  -0.313165         11  0.171875  0.250242
40       U281     OR3X1  -0.316586         11  0.171875  0.251495
39       U280     OR3X1  -0.318156         11  0.171875  0.252074
83       U324     INVX0  -0.416667          4  0.500000  0.857143
94       U335     INVX0  -0.416667          4  0.500000  0.857143
103      U344     INVX0  -0.416667          4  0.500000  0.857143
154      U395     INVX0  -0.416667          4  0.500000  0.857143
141      U382     INVX0  -0.416667          4  0.500000  0.857143
127      U368     INVX0  -0.416667          4  0.500000  0.857143
167      U408     INVX0  -0.416667          4  0.500000  0.857143
118      U359     INVX0  -0.416667          4  0.500000  0.857143

Suspicious wires (mean_diff>1): 72/182
