    GATE_NAME GATE_TYPE  MEAN_DIFF  SIZE_DIFF      LIM2      LIM4
52       U252    AND2X1  17.586006         12  0.177083  0.009528
51       U251    AND4X1   8.750371          9  0.183594  0.018829
74       U274   NAND3X0   7.872240         12  0.031250  0.003522
76       U276   NAND3X0   7.775351         12  0.031250  0.003561
70       U270   NAND4X0   7.640553         11  0.031250  0.003617
72       U272   NAND4X0   7.398161         12  0.031250  0.003721
55       U255    AND2X1   7.000000          7  0.250000  0.031250
67       U267   NAND4X0   6.869197         14  0.015191  0.001930
63       U263   NAND3X0   6.394147         13  0.031250  0.004226
61       U261   NAND3X0   5.993522         13  0.031250  0.004468
93       U293   NAND4X0   5.907895         13  0.031250  0.004524
84       U284   NAND4X0   5.896051         12  0.031250  0.004532
54       U254    AND4X1   5.784860          7  0.173828  0.025620
56       U256   XNOR2X1   5.535948         12  0.437500  0.066937
95       U295   NAND3X0   5.108539         13  0.031250  0.005116
98       U298   NAND3X0   5.071063         13  0.031250  0.005147
103      U303   NAND3X0   5.027919         13  0.031250  0.005184
86       U286   XNOR2X1   4.868807         11  0.437500  0.074547
81       U281   XNOR2X1   4.862516         11  0.437500  0.074627
62       U262   XNOR2X1   4.181495          9  0.437500  0.084435
60       U260   XNOR2X1   4.181495          9  0.437500  0.084435
58       U258   XNOR2X1   4.181495          9  0.437500  0.084435
66       U266    XOR2X1   4.071851         13  0.300000  0.059150
97       U297   XNOR2X1   3.834532          8  0.437500  0.090495
94       U294   XNOR2X1   3.834532          8  0.437500  0.090495
102      U302    XOR2X1   3.834532          8  0.437500  0.090495
28       U228    NOR2X0   3.797011         15  0.250000  0.052116
24       U224    NOR2X0   3.788306         15  0.250000  0.052211
20       U220    NOR2X0   3.723548         15  0.250000  0.052926
2        U202    NOR2X0   3.673817         15  0.250000  0.053489
87       U287   NAND3X0   3.483501         13  0.015625  0.003485
73       U273   XNOR2X1   3.480000          8  0.437500  0.097656
75       U275   XNOR2X1   3.480000          8  0.437500  0.097656
82       U282   NAND3X0   3.445235         13  0.015625  0.003515
57       U257   NAND3X0   3.418380         15  0.015625  0.003536
77       U277    AND2X1   3.402116         10  0.250000  0.056791
59       U259   NAND3X0   3.200269         13  0.015625  0.003720
92       U292    XOR2X1   3.178661         10  0.300000  0.071793
5        U205   NAND2X0   3.108997         11  0.237500  0.057800
83       U283   XNOR2X1   3.072767         10  0.300000  0.073660
33       U233    AO21X1   2.868517         16  0.187500  0.048468
71       U271   XNOR2X1   2.669625          9  0.300000  0.081752
41       U241    NOR2X0   2.665456         12  0.237500  0.064794
35       U235   NAND4X0   2.639047         23  0.010156  0.002791
32       U232    NOR2X0   2.152744         14  0.156250  0.049560
42       U242    NOR4X0   2.138355          8  0.020399  0.006500
69       U269   XNOR2X1   2.113514          7  0.300000  0.096354
17       U217    NOR2X0   2.112860         14  0.156250  0.050195
88       U288    AND3X1   1.588349         10  0.125000  0.048293
12       U212    NOR2X0   1.499289          8  0.237500  0.095027
85       U285    AND2X1   1.398929         10  0.125000  0.052107
40       U240    NOR2X0   1.333333          4  0.500000  0.214286
108      U308     INVX0   1.285714          2  1.000000  0.437500
120      U320    AND2X1   1.212766          9  0.125000  0.056490
36       U236   NAND3X0   1.200704         12  0.039062  0.017750
39       U239    NOR2X0   1.181818          3  0.500000  0.229167
4        U204    XOR3X1   1.070008         14  0.500000  0.241545
121      U321    AND2X1   1.025316          5  0.187500  0.092578
65       U265     INVX0   1.000000          3  1.000000  0.500000
123      U323     INVX0   1.000000          2  0.500000  0.250000
89       U289    AND2X1   0.959184          5  0.187500  0.095703
31       U231    XOR2X1   0.946429         15  0.750000  0.385321
11       U211    XOR3X1   0.925959         13  0.392857  0.203980
104      U304    NOR2X0   0.714286          5  0.500000  0.291667
37       U237   OAI22X1   0.695410          6  0.169643  0.100060
99       U299    NOR2X0   0.684211          5  0.500000  0.296875
172      U372     INVX0   0.666667          3  1.000000  0.600000
133      U333     OR2X1   0.648069          9  0.500000  0.303385
46       U246    NOR2X0   0.647059          4  0.500000  0.303571
30       U230    NOR2X0   0.635626         11  0.500000  0.305693
100      U300     INVX0   0.600000          2  1.000000  0.625000
16       U216   XNOR2X1   0.589983         11  0.800000  0.503150
147      U347    XOR2X1   0.568627          7  0.666667  0.425000
47       U247     INVX0   0.555556          5  0.500000  0.321429
68       U268    AND3X1   0.540741          7  0.125000  0.081130
101      U301    NOR2X0   0.523810          4  0.500000  0.328125
96       U296    AND2X1   0.523810          4  0.500000  0.328125
116      U316    XOR2X1   0.523810          1  0.666667  0.437500
109      U309    XOR2X1   0.523810          1  0.666667  0.437500
179      U379    XOR2X1   0.523810          1  0.666667  0.437500
48       U248    NOR2X0   0.428571          3  1.000000  0.700000
1        U201    XOR3X1   0.414299         14  0.833333  0.589220
162      U362    NOR2X0   0.411765          3  0.500000  0.354167
19       U219   XNOR2X1   0.396440         11  0.750000  0.537080
168      U368    XOR3X1   0.363636          1  0.750000  0.550000
23       U223   XNOR2X1   0.354096         12  0.800000  0.590800
27       U227    XOR2X1   0.336792         16  0.800000  0.598448
131      U331   XNOR2X1   0.333333          6  0.500000  0.375000
78       U278     INVX0   0.333333          3  0.500000  0.375000
43       U243     INVX0   0.333333          3  0.500000  0.375000
165      U365   XNOR2X1   0.333333          3  1.000000  0.750000
122      U322    AO21X1   0.331387          4  0.237500  0.178385
90       U290    AO21X1   0.331387          4  0.237500  0.178385
49       U249     INVX0   0.314037         11  0.125000  0.095127
26       U226    NOR2X0   0.302326         10  0.500000  0.383929
115      U315   XNOR3X1   0.290323          4  1.000000  0.775000
176      U376   XNOR3X1   0.257143          4  1.000000  0.795455
124      U324   NAND2X0   0.250000          0  0.312500  0.250000
45       U245     INVX0   0.250000          3  0.500000  0.400000
15       U215    NOR2X0   0.227397         10  0.500000  0.407366
148      U348     OR2X1   0.203080         11  0.500000  0.415600
173      U373    XOR2X1   0.200000          6  0.666667  0.555556
163      U363   XNOR2X1   0.185185          5  0.666667  0.562500
0        U200    NOR2X0   0.139928         10  0.550000  0.482487
114      U314   NAND2X0   0.125000          5  0.500000  0.444444
164      U364   NAND2X0   0.125000          6  0.500000  0.444444
105      U305    XOR2X1   0.111111          2  0.666667  0.600000
174      U374   NAND2X0   0.100000          7  0.500000  0.454545
107      U307    XOR2X1   0.090909          9  1.000000  0.916667
129      U329    NOR2X0   0.058824          1  0.375000  0.354167
18       U218    NOR2X0   0.043478          8  0.500000  0.479167
91       U291     INVX0   0.000000          0  1.000000  1.000000
157      U357   NAND2X0   0.000000          0  0.500000  0.500000
161      U361    XOR3X1   0.000000          0  1.000000  1.000000
160      U360     INVX0   0.000000          0  1.000000  1.000000
159      U359    XOR2X1   0.000000          0  1.000000  1.000000
158      U358     INVX0   0.000000          0  1.000000  1.000000
155      U355     INVX0   0.000000          0  1.000000  1.000000
156      U356    AND2X1   0.000000          0  0.500000  0.500000
154      U354    XOR2X1   0.000000          0  1.000000  1.000000
152      U352    XOR2X1   0.000000          0  1.000000  1.000000
151      U351    XOR3X1   0.000000          0  1.000000  1.000000
150      U350    XOR3X1   0.000000          0  1.000000  1.000000
21       U221     INVX0   0.000000          0  1.000000  1.000000
146      U346    OA21X1   0.000000          0  0.416667  0.416667
13       U213    OA21X1   0.000000          0  0.416667  0.416667
166      U366    XOR3X1   0.000000          0  1.000000  1.000000
10       U210   NAND2X0   0.000000          0  0.500000  0.500000
177      U377    XOR3X1   0.000000          0  1.000000  1.000000
183      U383    XOR2X1   0.000000          0  1.000000  1.000000
182      U382   XNOR2X1   0.000000          0  1.000000  1.000000
181      U381    NOR2X0   0.000000          0  0.500000  0.500000
180      U380   NAND2X0   0.000000          0  0.250000  0.250000
3        U203     INVX0   0.000000          0  1.000000  1.000000
178      U378   XNOR2X1   0.000000          0  1.000000  1.000000
175      U375     INVX0   0.000000          0  1.000000  1.000000
167      U367    XOR2X1   0.000000          0  1.000000  1.000000
7        U207    XOR2X1   0.000000          3  1.000000  1.000000
8        U208     INVX0   0.000000          0  0.500000  0.500000
171      U371     INVX0   0.000000          0  1.000000  1.000000
170      U370    NOR2X0   0.000000          0  0.500000  0.500000
169      U369   NAND2X0   0.000000          0  0.250000  0.250000
9        U209    OA21X1   0.000000          0  0.416667  0.416667
145      U345    NOR2X0   0.000000          2  0.375000  0.375000
144      U344    XOR3X1   0.000000          0  1.000000  1.000000
143      U343    XOR2X1   0.000000          0  1.000000  1.000000
128      U328   NAND2X0   0.000000          0  0.500000  0.500000
106      U306   NAND2X0   0.000000          6  0.500000  0.500000
80       U280   OAI21X1   0.000000          0  0.416667  0.416667
79       U279   NAND2X0   0.000000          2  0.375000  0.375000
110      U310   NAND2X0   0.000000          0  0.250000  0.250000
111      U311    XOR2X1   0.000000          3  1.000000  1.000000
113      U313   OAI21X1   0.000000          0  0.416667  0.416667
117      U317   NAND2X0   0.000000          0  0.250000  0.250000
118      U318     INVX0   0.000000          1  1.000000  1.000000
119      U319    XOR3X1   0.000000          0  1.000000  1.000000
34       U234    NOR2X0   0.000000          0  0.500000  0.500000
29       U229     INVX0   0.000000          0  1.000000  1.000000
142      U342    XOR3X1   0.000000          4  1.000000  1.000000
126      U326     INVX0   0.000000          0  1.000000  1.000000
127      U327    AND3X1   0.000000          0  0.250000  0.250000
125      U325    AO21X1   0.000000          0  0.416667  0.416667
184      U384     INVX0   0.000000          0  1.000000  1.000000
137      U337     INVX0   0.000000          0  1.000000  1.000000
25       U225     INVX0   0.000000          0  1.000000  1.000000
132      U332   OAI21X1   0.000000          0  0.416667  0.416667
22       U222    NOR2X0   0.000000          9  0.500000  0.500000
141      U341    XOR2X1   0.000000          0  1.000000  1.000000
140      U340   NAND2X0   0.000000          0  0.500000  0.500000
139      U339     INVX0   0.000000          0  1.000000  1.000000
138      U338    NOR2X0   0.000000          0  0.500000  0.500000
136      U336    XOR2X1   0.000000          0  1.000000  1.000000
130      U330    OA21X1   0.000000          0  0.416667  0.416667
38       U238    OA22X1  -0.056604          3  0.260417  0.276042
112      U312    XOR2X1  -0.100000          4  0.450000  0.500000
64       U264    NOR2X0  -0.107143          1  0.312500  0.350000
14       U214    OA21X1  -0.153846          5  0.550000  0.650000
44       U244    OA22X1  -0.218750          3  0.260417  0.333333
6        U206    NOR2X0  -0.230769          7  0.500000  0.650000
149      U349    XOR3X1  -0.255208          5  0.687500  0.923077
134      U334   XNOR2X1  -0.307692          7  0.642857  0.928571
153      U353    OA22X1  -0.333333          1  0.500000  0.750000
135      U335    OA22X1  -0.608929          1  0.325893  0.833333
50       U250   NAND4X0  -0.647321          5  0.014323  0.040612
53       U253    AND4X1  -0.917180          1  0.013803  0.166667

Suspicious wires (mean_diff>1): 58/185
