    GATE_NAME GATE_TYPE     MEAN_DIFF  SIZE_DIFF      LIM2      LIM4
85       U377   NAND3X0  58570.428571         34  0.142857  0.000002
225      U517     INVX0     63.000000          6  0.500000  0.007812
113      U405   MUX21X1     49.538657         24  0.275000  0.005441
86       U378   MUX21X1     32.038104         28  0.068576  0.002076
84       U376     INVX0     26.252907         12  0.250000  0.009173
17       U309   NAND3X0      7.121212          7  0.149554  0.018415
15       U307   NAND3X0      4.815552          5  0.149554  0.025716
53       U345   NAND3X0      4.815552          5  0.149554  0.025716
50       U342   NAND3X0      4.815552          5  0.149554  0.025716
182      U474   NAND3X0      4.019608          9  0.250000  0.049805
36       U328     OR2X1      3.635400         12  0.175000  0.037753
37       U329   NAND2X0      3.305890         16  0.312500  0.072575
24       U316   NAND3X0      3.073222         13  0.125000  0.030688
81       U373   NAND2X0      3.011768         12  0.500000  0.124633
183      U475   NAND2X0      3.002843          9  0.500000  0.124911
173      U465     INVX0      3.002843          9  0.500000  0.124911
180      U472   NAND2X0      3.000000          2  0.500000  0.125000
16       U308    AO22X1      2.989509         26  0.224609  0.056300
65       U357   XNOR2X1      2.835206         10  1.000000  0.260742
91       U383   XNOR2X1      2.810555          9  1.000000  0.262429
95       U387   XNOR2X1      2.810555          9  1.000000  0.262429
45       U337    NOR2X0      2.705534         11  0.312500  0.084333
96       U388   XNOR2X1      2.531034          6  1.000000  0.283203
121      U413   XNOR2X1      2.521320          8  1.000000  0.283984
116      U408   XNOR2X1      2.521320          8  1.000000  0.283984
56       U348     INVX0      2.377309          8  0.500000  0.148047
39       U331   MUX21X1      2.351615         11  0.275000  0.082050
34       U326   MUX21X1      2.340419         11  0.275000  0.082325
31       U323   MUX21X1      2.339912         11  0.275000  0.082337
38       U330   MUX21X1      2.317500         11  0.275000  0.082894
61       U353   XNOR2X1      2.299096         24  1.000000  0.303113
18       U310    AO22X1      2.062683         24  0.211372  0.069015
63       U355   XNOR3X1      2.033981         23  0.875000  0.288400
203      U495     INVX0      1.972136          6  0.375000  0.126172
40       U332   AOI22X1      1.902505         11  0.197917  0.068188
42       U334   AOI22X1      1.878418         11  0.197917  0.068759
14       U306   NAND4X0      1.868816         25  0.159375  0.055554
165      U457   NAND2X0      1.864700          8  0.500000  0.174538
52       U344   NAND3X0      1.774554         13  0.212500  0.076589
90       U382   NAND3X0      1.611648         14  0.250000  0.095725
11       U303   NAND4X0      1.593259         40  0.068359  0.026360
66       U358    XOR3X1      1.522295         10  0.446875  0.177170
72       U364   XNOR3X1      1.517251         10  0.446875  0.177525
74       U366    XOR3X1      1.512439         10  0.446875  0.177865
94       U386   NAND4X0      1.431907         16  0.125000  0.051400
54       U346     INVX0      1.420804          9  0.250000  0.103271
115      U407   NAND4X0      1.385298         15  0.125000  0.052404
69       U361   NAND2X0      1.350474         22  0.500000  0.212723
71       U363   XNOR3X1      1.262875         23  0.664773  0.293774
23       U315   NAND2X0      1.180233         13  0.234375  0.107500
123      U415   NAND4X0      1.162744         10  0.112926  0.052214
32       U324    AO22X1      1.141956         15  0.183105  0.085485
29       U321    AO22X1      1.092551         17  0.183105  0.087503
25       U317    AO22X1      1.092338         15  0.205729  0.098325
12       U304    NOR3X0      1.054965         17  0.206250  0.100367
226      U518   NAND2X0      1.000000          1  0.500000  0.250000
230      U522   NAND2X0      1.000000          1  0.500000  0.250000
27       U319    AO22X1      0.992562         16  0.200781  0.100765
59       U351   NAND2X0      0.972854         16  0.500000  0.253440
87       U379    NOR4X0      0.917797         27  0.003906  0.002037
10       U302     INVX0      0.886996         17  0.125000  0.066243
26       U318    OA21X1      0.817215         13  0.159048  0.087523
114      U406    NOR2X0      0.778017         25  0.007812  0.004394
13       U305   OAI21X1      0.734921         19  0.104688  0.060341
21       U313    AO22X1      0.725411         16  0.167969  0.097350
58       U350     INVX0      0.694118          7  0.500000  0.295139
46       U338    AND3X1      0.650092          6  0.046875  0.028408
82       U374   XNOR2X1      0.625172          6  0.330357  0.203275
181      U473     INVX0      0.600000          3  0.250000  0.156250
28       U320    OA21X1      0.455153          8  0.159048  0.109300
60       U352   XNOR3X1      0.452915         20  0.539062  0.371021
68       U360     INVX0      0.443609         10  0.500000  0.346354
64       U356    XOR3X1      0.442405          6  0.446875  0.309812
20       U312   NAND3X0      0.367282          8  0.087891  0.064281
179      U471    AO21X1      0.303704          3  0.137500  0.105469
22       U314   NAND3X0      0.270899          8  0.087891  0.069156
170      U462   MUX21X1      0.261905          4  0.236607  0.187500
62       U354   MUX21X1      0.225174         13  0.295139  0.240895
30       U322     OR2X1      0.166279          9  0.128906  0.110528
78       U370   XNOR2X1      0.153247          5  0.330357  0.286458
51       U343    OA21X1      0.146550          2  0.162760  0.141957
33       U325     OR2X1      0.098258          6  0.128906  0.117373
35       U327    AO22X1      0.091608          4  0.174219  0.159598
57       U349    NOR2X0      0.069444          1  0.229167  0.214286
73       U365   XNOR2X1      0.028646          2  0.308594  0.300000
75       U367   XNOR2X1      0.028646          2  0.308594  0.300000
67       U359   XNOR2X1      0.028646          2  0.308594  0.300000
100      U392    NOR4X0      0.019022          7  0.003906  0.003833
144      U436    XOR3X1      0.000000          0  1.000000  1.000000
151      U443    XOR3X1      0.000000          1  1.000000  1.000000
143      U435    XOR3X1      0.000000          1  1.000000  1.000000
142      U434   XNOR2X1      0.000000          0  1.000000  1.000000
140      U432    XOR2X1      0.000000          0  1.000000  1.000000
139      U431    XOR2X1      0.000000          0  1.000000  1.000000
156      U448     INVX0      0.000000          0  1.000000  1.000000
157      U449   XNOR3X1      0.000000          5  1.000000  1.000000
141      U433    XOR2X1      0.000000          0  1.000000  1.000000
146      U438    XOR2X1      0.000000          0  1.000000  1.000000
145      U437   XNOR2X1      0.000000          0  1.000000  1.000000
147      U439    XOR2X1      0.000000          0  1.000000  1.000000
148      U440     INVX0      0.000000          4  0.500000  0.500000
149      U441   NAND2X0      0.000000          6  0.500000  0.500000
150      U442   XNOR3X1      0.000000          5  1.000000  1.000000
159      U451   XNOR3X1      0.000000          0  1.000000  1.000000
155      U447    XOR2X1      0.000000          0  1.000000  1.000000
154      U446    XOR2X1      0.000000          0  1.000000  1.000000
153      U445   XNOR2X1      0.000000          0  1.000000  1.000000
152      U444    XOR3X1      0.000000          0  1.000000  1.000000
158      U450   XNOR3X1      0.000000          1  1.000000  1.000000
0        U292   NAND3X0      0.000000          0  0.250000  0.250000
160      U452     INVX0      0.000000          0  1.000000  1.000000
204      U496    AO22X1      0.000000          0  0.126172  0.126172
232      U524   NAND2X0      0.000000          0  0.500000  0.500000
231      U523     INVX0      0.000000          0  0.500000  0.500000
229      U521   NAND4X0      0.000000          0  0.125000  0.125000
228      U520   NAND4X0      0.000000          0  0.125000  0.125000
227      U519    NOR2X0      0.000000          0  0.007812  0.007812
224      U516     INVX0      0.000000          0  1.000000  1.000000
223      U515    NOR2X0      0.000000          0  0.500000  0.500000
222      U514     INVX0      0.000000          0  1.000000  1.000000
221      U513    NOR2X0      0.000000          0  0.500000  0.500000
220      U512    NOR2X0      0.000000          0  0.500000  0.500000
219      U511    NOR2X0      0.000000          0  0.500000  0.500000
137      U429    XOR2X1      0.000000          0  1.000000  1.000000
161      U453    XOR3X1      0.000000          0  1.000000  1.000000
202      U494     INVX0      0.000000          0  1.000000  1.000000
201      U493     INVX0      0.000000          0  1.000000  1.000000
200      U492    NOR2X0      0.000000          0  0.500000  0.500000
199      U491    NOR2X0      0.000000          0  0.500000  0.500000
198      U490    NOR2X0      0.000000          0  0.500000  0.500000
197      U489    NOR2X0      0.000000          0  0.500000  0.500000
172      U464     INVX0      0.000000          0  1.000000  1.000000
166      U458     INVX0      0.000000          0  1.000000  1.000000
164      U456     INVX0      0.000000          0  1.000000  1.000000
163      U455     INVX0      0.000000          0  1.000000  1.000000
162      U454   XNOR2X1      0.000000          0  1.000000  1.000000
138      U430   NAND4X0      0.000000          0  0.125000  0.125000
233      U525    AND2X1      0.000000          0  0.500000  0.500000
136      U428    XOR2X1      0.000000          0  1.000000  1.000000
103      U395   NAND3X0      0.000000          0  0.250000  0.250000
110      U402   XNOR2X1      0.000000          0  1.000000  1.000000
109      U401    XOR2X1      0.000000          0  1.000000  1.000000
108      U400    XOR2X1      0.000000          0  1.000000  1.000000
107      U399   NAND4X0      0.000000          0  0.125000  0.125000
105      U397   XNOR2X1      0.000000          0  1.000000  1.000000
104      U396    XOR2X1      0.000000          0  1.000000  1.000000
102      U394   XNOR2X1      0.000000          0  1.000000  1.000000
112      U404    XOR2X1      0.000000          0  1.000000  1.000000
41       U333    NOR2X0      0.000000          0  0.500000  0.500000
43       U335    NOR2X0      0.000000          0  0.500000  0.500000
101      U393   XNOR2X1      0.000000          0  1.000000  1.000000
44       U336     INVX0      0.000000          0  1.000000  1.000000
47       U339     INVX0      0.000000          0  1.000000  1.000000
70       U362     INVX0      0.000000          0  1.000000  1.000000
111      U403     INVX0      0.000000          0  1.000000  1.000000
106      U398   XNOR2X1      0.000000          0  1.000000  1.000000
1        U293   NAND4X0      0.000000          0  0.125000  0.125000
6        U298     INVX0      0.000000          0  1.000000  1.000000
134      U426   NAND4X0      0.000000          0  0.125000  0.125000
9        U301     INVX0      0.000000          0  1.000000  1.000000
3        U295     INVX0      0.000000          0  1.000000  1.000000
4        U296     INVX0      0.000000          0  1.000000  1.000000
5        U297     INVX0      0.000000          0  1.000000  1.000000
2        U294     INVX0      0.000000          0  1.000000  1.000000
7        U299     INVX0      0.000000          0  1.000000  1.000000
8        U300     INVX0      0.000000          0  1.000000  1.000000
135      U427    XOR2X1      0.000000          0  1.000000  1.000000
133      U425    NOR2X0     -0.004354          7  0.007812  0.007847
97       U389     INVX0     -0.066667          1  0.262500  0.281250
167      U459    XOR2X1     -0.100694          1  0.385417  0.428571
92       U384    XOR2X1     -0.100694          1  0.385417  0.428571
130      U422    XOR2X1     -0.100694          1  0.385417  0.428571
122      U414   XNOR2X1     -0.100694          1  0.385417  0.428571
120      U412   XNOR2X1     -0.100694          1  0.385417  0.428571
99       U391    XOR2X1     -0.100694          1  0.385417  0.428571
98       U390    XOR2X1     -0.100694          1  0.385417  0.428571
127      U419    XOR2X1     -0.100694          1  0.385417  0.428571
88       U380   XNOR2X1     -0.100694          1  0.385417  0.428571
124      U416    XOR2X1     -0.100694          1  0.385417  0.428571
89       U381   XNOR2X1     -0.100694          1  0.385417  0.428571
93       U385    XOR2X1     -0.100694          1  0.385417  0.428571
175      U467   MUX21X1     -0.178819          2  0.186632  0.227273
176      U468   MUX21X1     -0.178819          2  0.186632  0.227273
192      U484     INVX0     -0.212500          1  0.262500  0.333333
189      U481     INVX0     -0.212500          1  0.262500  0.333333
188      U480     INVX0     -0.212500          1  0.262500  0.333333
187      U479     INVX0     -0.212500          1  0.262500  0.333333
117      U409     INVX0     -0.212500          1  0.262500  0.333333
184      U476     INVX0     -0.212500          1  0.262500  0.333333
129      U421    AO22X1     -0.240000          1  0.237500  0.312500
196      U488    AO22X1     -0.240000          1  0.237500  0.312500
119      U411    AO22X1     -0.240000          1  0.237500  0.312500
126      U418    AO22X1     -0.240000          1  0.237500  0.312500
77       U369    AO22X1     -0.240000          1  0.237500  0.312500
132      U424    AO22X1     -0.240000          1  0.237500  0.312500
169      U461    AO22X1     -0.240000          1  0.237500  0.312500
194      U486    AO22X1     -0.240000          1  0.237500  0.312500
191      U483    AO22X1     -0.240000          1  0.237500  0.312500
174      U466    NOR2X0     -0.270833          1  0.156250  0.214286
48       U340    NOR2X0     -0.270833          1  0.156250  0.214286
19       U311    NOR2X0     -0.270833          1  0.156250  0.214286
49       U341    NOR2X0     -0.270833          1  0.156250  0.214286
83       U375    NOR2X0     -0.270833          1  0.156250  0.214286
171      U463    AO21X1     -0.276786          1  0.180804  0.250000
55       U347   NAND3X0     -0.283208          4  0.087054  0.121449
190      U482  AOI221X1     -0.386719          3  0.204427  0.333333
125      U417   AO221X1     -0.386719          3  0.204427  0.333333
195      U487  AOI221X1     -0.386719          3  0.204427  0.333333
128      U420   AO221X1     -0.386719          3  0.204427  0.333333
168      U460   AO221X1     -0.386719          3  0.204427  0.333333
131      U423   AO221X1     -0.386719          3  0.204427  0.333333
76       U368   AO221X1     -0.386719          3  0.204427  0.333333
193      U485   AO221X1     -0.386719          3  0.204427  0.333333
118      U410   AO221X1     -0.386719          3  0.204427  0.333333
216      U508    AO22X1     -0.416667          2  0.218750  0.375000
218      U510    AO22X1     -0.416667          2  0.218750  0.375000
178      U470    AO22X1     -0.416667          2  0.218750  0.375000
214      U506    AO22X1     -0.416667          2  0.218750  0.375000
212      U504    AO22X1     -0.416667          2  0.218750  0.375000
208      U500    AO22X1     -0.416667          2  0.218750  0.375000
206      U498    AO22X1     -0.416667          2  0.218750  0.375000
80       U372    AO22X1     -0.416667          2  0.218750  0.375000
186      U478    AO22X1     -0.416667          2  0.218750  0.375000
185      U477   AO221X1     -0.433984          4  0.188672  0.333333
217      U509   AO221X1     -0.433984          4  0.188672  0.333333
215      U507   AO221X1     -0.433984          4  0.188672  0.333333
213      U505   AO221X1     -0.433984          4  0.188672  0.333333
207      U499   AO221X1     -0.433984          4  0.188672  0.333333
205      U497   AO221X1     -0.433984          4  0.188672  0.333333
177      U469   AO221X1     -0.433984          4  0.188672  0.333333
79       U371   AO221X1     -0.433984          4  0.188672  0.333333
211      U503   AO221X1     -0.433984          4  0.188672  0.333333
209      U501   AO221X1     -0.483418          2  0.180804  0.350000
210      U502    AO21X1     -0.507143          2  0.287500  0.583333

Suspicious wires (mean_diff>1): 55/234
