    GATE_NAME GATE_TYPE  MEAN_DIFF  SIZE_DIFF      LIM2      LIM4
247      U678    NOR2X0  88.396766         19  0.312500  0.003496
275      U706    NOR2X0  27.994845         22  0.062500  0.002156
155      U586    NOR2X0  27.082272         12  0.500000  0.017805
262      U693    NOR2X0  27.082272         12  0.500000  0.017805
133      U564    NOR2X0  25.112933         12  0.500000  0.019148
259      U690    NOR2X0  24.283951         10  0.500000  0.019775
186      U617    NOR2X0  24.283951         10  0.500000  0.019775
147      U578   NAND2X0  13.372979         12  0.250000  0.017394
46       U477   NAND3X0  11.664311         10  0.250000  0.019741
128      U559   NAND2X0   9.408503          9  0.177083  0.017013
263      U694     INVX0   7.000000          3  0.500000  0.062500
149      U580   NAND2X0   6.435685         11  0.250000  0.033622
101      U532   NAND4X0   6.040000          3  0.137500  0.019531
130      U561   NAND3X0   5.976939          8  0.250000  0.035832
89       U520     INVX0   5.588235          5  0.500000  0.075893
28       U459   NAND2X0   5.513597         12  0.250000  0.038381
10       U441   NAND3X0   5.281529         31  0.218750  0.034824
32       U463   MUX21X1   4.851393         22  0.350000  0.059815
112      U543   NAND4X0   4.513488         29  0.092088  0.016702
145      U576   NAND3X0   4.350455         12  0.250000  0.046725
67       U498     INVX0   4.068921         10  0.416667  0.082200
143      U574   MUX21X1   4.023670         13  0.148438  0.029548
162      U593     INVX0   3.997501         23  0.500000  0.100050
110      U541   NAND2X0   3.923077          7  0.250000  0.050781
30       U461   OA221X1   3.548939         12  0.153646  0.033776
298      U729   NAND2X0   3.452624         14  0.312500  0.070183
329      U760     INVX0   3.419236         10  0.125000  0.028285
11       U442   NAND2X0   3.388978         20  0.250000  0.056961
15       U446   NAND2X0   3.335260         26  0.281250  0.064875
144      U575   NAND2X0   3.318073         12  0.212500  0.049212
240      U671   MUX21X1   3.316076          5  0.281250  0.065163
3        U434    XOR2X1   3.222732         31  1.000000  0.236814
148      U579    NOR2X0   3.190476          7  0.250000  0.059659
332      U763     INVX0   3.153471         14  0.500000  0.120381
370      U801     INVX0   3.038879         12  0.500000  0.123797
48       U479    XOR2X1   3.034663         19  0.500000  0.123926
241      U672     INVX0   3.000000          2  0.500000  0.125000
356      U787     INVX0   2.994208         14  0.500000  0.125181
157      U588   XNOR2X1   2.866976         13  0.500000  0.129300
47       U478    XOR2X1   2.858547         15  0.750000  0.194374
342      U773     INVX0   2.847244         16  0.500000  0.129963
4        U435    XOR3X1   2.807447         41  0.583333  0.153209
82       U513    XOR2X1   2.804813         12  0.750000  0.197119
142      U573   XNOR3X1   2.726477         27  0.444444  0.119267
27       U458   MUX21X1   2.661301         13  0.350000  0.095594
84       U515    AND2X1   2.629325         14  0.250000  0.068883
156      U587   NAND2X0   2.626260         11  0.500000  0.137883
45       U476   NAND2X0   2.568266         11  0.229167  0.064224
419      U850    OA21X1   2.507068         15  0.325000  0.092670
52       U483     INVX0   2.490909          6  0.416667  0.119358
153      U584    AO21X1   2.456695          7  0.270833  0.078350
108      U539     OR2X1   2.428571          5  0.250000  0.072917
126      U557    XOR2X1   2.390033         20  0.583333  0.172073
107      U538    OA21X1   2.254237          5  0.250000  0.076823
96       U527    OA21X1   2.254237          5  0.250000  0.076823
172      U603    OA21X1   2.254237          5  0.250000  0.076823
21       U452    OA21X1   2.254237          5  0.250000  0.076823
57       U488    OA21X1   2.254237          5  0.250000  0.076823
180      U611    OA21X1   2.254237          5  0.250000  0.076823
79       U510    OA21X1   2.254237          5  0.250000  0.076823
73       U504    OA21X1   2.254237          5  0.250000  0.076823
62       U493    OA21X1   2.254237          5  0.250000  0.076823
25       U456    OA21X1   2.254237          5  0.250000  0.076823
248      U679   MUX21X1   2.237747         22  0.138889  0.042897
187      U618     INVX0   2.221353         18  0.500000  0.155214
151      U582     INVX0   2.220121         16  0.416667  0.129395
68       U499    OA21X1   2.190636         14  0.218750  0.068560
5        U436    XOR3X1   2.137176         40  0.368750  0.117542
129      U560   AOI22X1   2.078313         23  0.238281  0.077406
154      U585    XOR2X1   1.929001         11  0.500000  0.170707
185      U616    XOR2X1   1.925231         11  0.500000  0.170927
163      U594   MUX21X1   1.863310         35  0.258681  0.090343
6        U437    NOR2X0   1.852050         13  0.416667  0.146094
131      U562    XOR2X1   1.829980         13  0.583333  0.206126
7        U438     INVX0   1.826175         25  0.281250  0.099516
184      U615     INVX0   1.823529          4  1.000000  0.354167
146      U577     INVX0   1.823529          4  1.000000  0.354167
183      U614   NAND2X0   1.790191          9  0.250000  0.089600
141      U572    NOR2X0   1.783475         14  0.550000  0.197595
246      U677    NOR2X0   1.766890         12  0.375000  0.135531
252      U683    AND2X1   1.738559         14  0.312500  0.114111
274      U705    AO21X1   1.721054         17  0.260417  0.095704
267      U698    AO21X1   1.712591         32  0.161328  0.059474
255      U686   NAND2X0   1.699017         16  0.250000  0.092626
273      U704    AO21X1   1.675475         19  0.243304  0.090938
286      U717   AOI21X1   1.662834         13  0.350000  0.131439
136      U567    OA21X1   1.647344          9  0.262500  0.099156
258      U689   XNOR2X1   1.644628         12  0.500000  0.189062
261      U692    XOR2X1   1.637739         12  0.500000  0.189556
31       U462    OA21X1   1.637406         13  0.225000  0.085311
152      U583    OA21X1   1.635182         20  0.234375  0.088941
132      U563    XOR2X1   1.634612         12  0.500000  0.189781
302      U733   NAND3X0   1.632327         17  0.166016  0.063068
159      U590    AO21X1   1.612201         29  0.172309  0.065963
239      U670    AO21X1   1.568358         10  0.325000  0.126540
127      U558   XNOR2X1   1.559766         11  0.350000  0.136731
278      U709    AND2X1   1.539225         16  0.216797  0.085379
90       U521   NAND2X0   1.532643         26  0.281250  0.111050
85       U516   AOI21X1   1.523737         24  0.144531  0.057269
212      U643   NAND3X0   1.500000          0  0.312500  0.125000
277      U708   AOI21X1   1.478461         13  0.350000  0.141217
357      U788   NAND2X0   1.388617         16  0.216797  0.090762
333      U764   NAND2X0   1.380563         15  0.216797  0.091070
313      U744   AOI21X1   1.367765         11  0.350000  0.147819
66       U497   AO222X1   1.362354         37  0.172503  0.073022
188      U619   MUX21X1   1.330969         35  0.187500  0.080439
135      U566    AND2X1   1.314004         10  0.416667  0.180063
254      U685   NAND2X0   1.314004         10  0.416667  0.180063
50       U481   NAND2X0   1.311733         10  0.312500  0.135180
225      U656    OA21X1   1.305085          3  0.177083  0.076823
205      U636    OA21X1   1.305085          3  0.177083  0.076823
245      U676     INVX0   1.285714          5  0.500000  0.218750
420      U851   MUX21X1   1.274873         11  0.214844  0.094442
111      U542   NAND2X0   1.240101         33  0.212054  0.094662
292      U723   MUX21X1   1.240000          3  0.375000  0.167411
113      U544    OA21X1   1.222442         12  0.187500  0.084367
196      U627    NOR2X0   1.222222          1  0.416667  0.187500
314      U745    AND2X1   1.207095         14  0.216797  0.098227
371      U802   NAND2X0   1.205666         14  0.216797  0.098291
287      U718    AND2X1   1.194578         16  0.216797  0.098788
299      U730   MUX21X1   1.188959          9  0.325000  0.148472
269      U700    OA21X1   1.180541         17  0.212891  0.097632
65       U496    NOR2X0   1.167372         10  0.500000  0.230694
251      U682   NAND4X0   1.156841          6  0.135905  0.063011
257      U688    NOR2X0   1.153846          4  0.500000  0.232143
134      U565   XNOR2X1   1.142857          6  0.750000  0.350000
80       U511    OA21X1   1.122105          9  0.225000  0.106027
91       U522   NAND3X0   1.118586         36  0.073828  0.034848
355      U786    AO21X1   1.118256         16  0.275000  0.129824
270      U701    OA21X1   1.116173         16  0.203125  0.095987
331      U762    AO21X1   1.112676         16  0.275000  0.130167
369      U800    AO21X1   1.109127         16  0.275000  0.130386
51       U482   AO222X1   1.109060         39  0.174857  0.082908
181      U612   XNOR2X1   1.091620          8  0.450000  0.215144
194      U625   AO222X1   1.089401          7  0.186719  0.089365
2        U433    XOR3X1   1.047045         27  0.666667  0.325673
300      U731     OR3X1   1.046131         18  0.137500  0.067200
97       U528    AO21X1   1.024174          8  0.218750  0.108069
268      U699   OAI22X1   1.023367         15  0.163885  0.080996
64       U495   MUX21X1   1.013641          6  0.650000  0.322798
232      U663   NAND3X0   1.000000          0  0.250000  0.125000
234      U665   NAND3X0   1.000000          0  0.250000  0.125000
242      U673   NAND2X0   1.000000          1  0.250000  0.125000
382      U813    NOR2X0   1.000000          1  0.250000  0.125000
207      U638     INVX0   1.000000          1  0.500000  0.250000
198      U629    AND2X1   1.000000          1  0.250000  0.125000
197      U628    AND2X1   1.000000          1  0.250000  0.125000
385      U816    AND2X1   1.000000          0  0.250000  0.125000
217      U648   NAND3X0   1.000000          0  0.250000  0.125000
430      U861     INVX0   1.000000          1  0.500000  0.250000
229      U660   NAND3X0   1.000000          1  0.250000  0.125000
363      U794     INVX0   1.000000          1  0.500000  0.250000
219      U650   NAND3X0   1.000000          1  0.250000  0.125000
221      U652     INVX0   1.000000          1  0.250000  0.125000
118      U549   NAND2X0   1.000000          1  0.125000  0.062500
124      U555   NAND2X0   1.000000          1  0.125000  0.062500
378      U809    NOR2X0   1.000000          2  0.500000  0.250000
83       U514   NAND2X0   0.983576         16  0.250000  0.126035
49       U480    NOR2X0   0.982301          6  0.062500  0.031529
8        U439   MUX21X1   0.960451         15  0.281250  0.143462
16       U447   NAND3X0   0.908162         33  0.073828  0.038691
12       U443   NAND4X0   0.894244         72  0.006214  0.003281
109      U540   MUX21X1   0.834829          8  0.395833  0.215733
150      U581   AOI22X1   0.819839         12  0.210938  0.115910
253      U684    AO22X1   0.819347          3  0.316964  0.174219
226      U657    NOR2X0   0.818182          1  0.250000  0.137500
206      U637    NOR2X0   0.818182          1  0.250000  0.137500
256      U687     INVX0   0.818182          3  0.500000  0.275000
346      U777   NAND2X0   0.818182          2  0.250000  0.137500
310      U741   NAND2X0   0.818182          2  0.250000  0.137500
192      U623   AO221X1   0.795286         23  0.125271  0.069778
158      U589    NOR2X0   0.787325          8  0.062500  0.034968
343      U774   MUX21X1   0.777894         19  0.194444  0.109368
318      U749     INVX0   0.777778          3  0.500000  0.281250
375      U806     INVX0   0.777778          3  0.500000  0.281250
297      U728    AND3X1   0.772222          5  0.302083  0.170455
249      U680   MUX21X1   0.770287         15  0.125000  0.070610
99       U530    NOR2X0   0.754386          2  0.416667  0.237500
14       U445    NOR2X0   0.731796         31  0.128906  0.074435
26       U457   NAND2X0   0.729730          4  0.250000  0.144531
125      U556    AO21X1   0.691734         14  0.253906  0.150086
29       U460    AO21X1   0.688983         16  0.250868  0.148532
199      U630     INVX0   0.666667          3  0.500000  0.300000
238      U669    AO21X1   0.666667          2  1.000000  0.600000
63       U494    OA21X1   0.629243          7  0.187500  0.115084
81       U512   MUX21X1   0.622011         11  0.321429  0.198167
44       U475    OA22X1   0.615385          0  0.218750  0.135417
38       U469    OA22X1   0.615385          0  0.218750  0.135417
164      U595   AO221X1   0.612525         17  0.115517  0.071637
383      U814     INVX0   0.600000          2  0.500000  0.312500
137      U568     INVX0   0.600000          2  0.500000  0.312500
338      U769     OR2X1   0.587302          2  0.416667  0.262500
271      U702   NAND3X0   0.581433          6  0.254464  0.160907
1        U432   AOI21X1   0.575132         13  0.326389  0.207214
334      U765   MUX21X1   0.570370          7  0.236607  0.150670
372      U803   MUX21X1   0.570370          7  0.236607  0.150670
390      U821   MUX21X1   0.570370          7  0.236607  0.150670
349      U780   MUX21X1   0.570370          7  0.236607  0.150670
350      U781   MUX21X1   0.570370          7  0.236607  0.150670
358      U789   MUX21X1   0.570370          7  0.236607  0.150670
366      U797   MUX21X1   0.570370          7  0.236607  0.150670
339      U770   MUX21X1   0.570370          7  0.236607  0.150670
0        U431    XOR2X1   0.561062         19  0.650000  0.416383
20       U451   OA221X1   0.550958          1  0.143750  0.092685
95       U526   OA221X1   0.550958          1  0.143750  0.092685
56       U487   OA221X1   0.550958          1  0.143750  0.092685
179      U610   OA221X1   0.550958          1  0.143750  0.092685
106      U537   OA221X1   0.550958          1  0.143750  0.092685
24       U455   OA221X1   0.550958          1  0.143750  0.092685
61       U492   OA221X1   0.550958          1  0.143750  0.092685
171      U602   OA221X1   0.550958          1  0.143750  0.092685
78       U509   OA221X1   0.550958          1  0.143750  0.092685
72       U503   OA221X1   0.550958          1  0.143750  0.092685
204      U635   OA221X1   0.539440          1  0.157552  0.102344
224      U655   OA221X1   0.539440          1  0.157552  0.102344
166      U597     INVX0   0.538462          3  0.500000  0.325000
303      U734    AO21X1   0.523077          5  0.281250  0.184659
88       U519   NAND4X0   0.517292          9  0.245536  0.161825
280      U711     INVX0   0.508571          6  0.262500  0.174006
279      U710   MUX21X1   0.505600          6  0.236607  0.157151
294      U725   MUX21X1   0.505600          6  0.236607  0.157151
283      U714   MUX21X1   0.505600          6  0.236607  0.157151
288      U719   MUX21X1   0.505600          6  0.236607  0.157151
315      U746   MUX21X1   0.505600          6  0.236607  0.157151
323      U754   MUX21X1   0.505600          6  0.236607  0.157151
345      U776   NAND3X0   0.500000          0  0.262500  0.175000
309      U740   NAND3X0   0.500000          0  0.262500  0.175000
289      U720     INVX0   0.496356          6  0.262500  0.175426
425      U856    AO21X1   0.450095          7  0.122884  0.084742
69       U500  AOI222X1   0.446831          9  0.103406  0.071470
37       U468    OA22X1   0.444444          0  0.135417  0.093750
35       U466    OA22X1   0.444444          0  0.135417  0.093750
40       U471    OA22X1   0.444444          0  0.135417  0.093750
42       U473    OA22X1   0.444444          0  0.135417  0.093750
17       U448  AOI222X1   0.434395          9  0.101911  0.071048
362      U793    AO21X1   0.428571          2  0.312500  0.218750
92       U523  AOI222X1   0.425260         16  0.099305  0.069675
165      U596    AO22X1   0.420443          6  0.122884  0.086511
100      U531   MUX21X1   0.418182          5  0.281250  0.198317
320      U751    NOR2X0   0.384615          2  0.375000  0.270833
365      U796    AO21X1   0.352941          0  0.287500  0.212500
335      U766     INVX0   0.349398          5  0.262500  0.194531
373      U804     INVX0   0.303448          4  0.262500  0.201389
316      U747     INVX0   0.303448          4  0.262500  0.201389
359      U790     INVX0   0.292308          5  0.262500  0.203125
182      U613    OA21X1   0.230769          3  0.666667  0.541667
123      U554    OA22X1   0.221429          1  0.127232  0.104167
117      U548    OA22X1   0.221429          1  0.127232  0.104167
272      U703   NAND2X0   0.205511         17  0.104167  0.086409
193      U624    AO22X1   0.171131          8  0.107594  0.091872
374      U805   AO221X1   0.167347          4  0.203125  0.174006
317      U748   AO221X1   0.167347          4  0.203125  0.174006
75       U506   OA222X1   0.161058          1  0.134766  0.116071
170      U601   OA222X1   0.161058          1  0.134766  0.116071
71       U502   OA222X1   0.161058          1  0.134766  0.116071
94       U525   OA222X1   0.161058          1  0.134766  0.116071
19       U450   OA222X1   0.161058          1  0.134766  0.116071
55       U486   OA222X1   0.161058          1  0.134766  0.116071
174      U605   OA222X1   0.161058          1  0.134766  0.116071
116      U547   OA222X1   0.161058          1  0.134766  0.116071
60       U491   OA222X1   0.161058          1  0.134766  0.116071
122      U553   OA222X1   0.161058          1  0.134766  0.116071
105      U536   OA222X1   0.161058          1  0.134766  0.116071
23       U454   OA222X1   0.161058          1  0.134766  0.116071
98       U529   MUX21X1   0.120879          0  0.199219  0.177734
319      U750   MUX21X1   0.120000          2  0.325000  0.290179
312      U743   MUX21X1   0.120000          2  0.325000  0.290179
348      U779   MUX21X1   0.114286          1  0.325000  0.291667
376      U807   MUX21X1   0.114286          1  0.325000  0.291667
58       U489   AOI22X1   0.066667          0  0.285714  0.267857
304      U735   MUX21X1   0.061404          0  0.189062  0.178125
282      U713   MUX21X1   0.051051          1  0.260417  0.247768
189      U620    NOR2X0   0.043478          3  0.250000  0.239583
200      U631   NAND2X0   0.041667          0  0.312500  0.300000
284      U715   AO221X1   0.020623          1  0.179769  0.176136
295      U726   AO221X1   0.020623          1  0.179769  0.176136
324      U755   AO221X1   0.020623          1  0.179769  0.176136
53       U484  AOI222X1   0.019887          8  0.098500  0.096579
330      U761    NOR4X0   0.019569         23  0.031641  0.031033
139      U570   MUX21X1   0.018157          9  0.229167  0.225080
291      U722    AO21X1   0.015873          2  0.291667  0.287109
394      U825   NAND2X0   0.000000          0  0.500000  0.500000
433      U864   NAND2X0   0.000000          0  0.500000  0.500000
354      U785     INVX0   0.000000          0  1.000000  1.000000
434      U865     INVX0   0.000000          0  0.416667  0.416667
353      U784     INVX0   0.000000          0  1.000000  1.000000
352      U783   AO222X1   0.000000          0  0.350000  0.350000
432      U863     INVX0   0.000000          0  1.000000  1.000000
437      U868     INVX0   0.000000          0  1.000000  1.000000
438      U869     INVX0   0.000000          0  1.000000  1.000000
347      U778   NAND2X0   0.000000          1  0.250000  0.250000
439      U870    NOR4X0   0.000000          0  0.125000  0.125000
341      U772   AO222X1   0.000000          0  0.350000  0.350000
440      U871    AO21X1   0.000000          0  0.416667  0.416667
441      U872     INVX0   0.000000          0  1.000000  1.000000
442      U873     INVX0   0.000000          0  1.000000  1.000000
436      U867    NOR2X0   0.000000          0  0.500000  0.500000
427      U858    AO22X1   0.000000          0  0.375000  0.375000
431      U862    NOR2X0   0.000000          0  0.250000  0.250000
398      U829    NOR2X0   0.000000          0  0.500000  0.500000
406      U837    NOR2X0   0.000000          1  0.500000  0.500000
402      U833     INVX0   0.000000          0  1.000000  1.000000
381      U812    NOR2X0   0.000000          0  0.500000  0.500000
401      U832     INVX0   0.000000          0  1.000000  1.000000
400      U831   AOI21X1   0.000000          0  0.250000  0.250000
399      U830    NOR2X0   0.000000          0  0.500000  0.500000
384      U815     OR2X1   0.000000          0  0.500000  0.500000
386      U817   NAND2X0   0.000000          0  0.312500  0.312500
407      U838    XOR2X1   0.000000          0  1.000000  1.000000
387      U818   NAND3X0   0.000000          0  0.250000  0.250000
388      U819    NOR2X0   0.000000          0  0.500000  0.500000
389      U820     INVX0   0.000000          0  1.000000  1.000000
397      U828   AO222X1   0.000000          0  0.350000  0.350000
392      U823    AND3X1   0.000000          0  0.250000  0.250000
396      U827     INVX0   0.000000          0  1.000000  1.000000
395      U826     INVX0   0.000000          0  1.000000  1.000000
380      U811   NAND2X0   0.000000          0  0.250000  0.250000
408      U839     INVX0   0.000000          0  1.000000  1.000000
429      U860    AO22X1   0.000000          0  0.375000  0.375000
418      U849   XNOR2X1   0.000000          0  1.000000  1.000000
428      U859  AOI221X1   0.000000          0  0.210938  0.210938
426      U857  AOI221X1   0.000000          0  0.210938  0.210938
424      U855   OAI21X1   0.000000          0  0.416667  0.416667
364      U795     INVX0   0.000000          0  1.000000  1.000000
423      U854     INVX0   0.000000          0  1.000000  1.000000
422      U853    NOR2X0   0.000000          0  0.500000  0.500000
421      U852    AND2X1   0.000000          0  0.250000  0.250000
368      U799   AO222X1   0.000000          0  0.350000  0.350000
410      U841     INVX0   0.000000          0  1.000000  1.000000
417      U848    XOR3X1   0.000000          0  1.000000  1.000000
416      U847   XNOR2X1   0.000000          0  1.000000  1.000000
415      U846   XNOR3X1   0.000000          0  1.000000  1.000000
414      U845    XOR2X1   0.000000          2  1.000000  1.000000
413      U844     INVX0   0.000000          0  1.000000  1.000000
412      U843    XOR2X1   0.000000          0  1.000000  1.000000
411      U842   XNOR3X1   0.000000          0  1.000000  1.000000
409      U840   XNOR2X1   0.000000          0  1.000000  1.000000
222      U653    NOR3X0   0.000000          0  0.125000  0.125000
443      U874     INVX0   0.000000          0  1.000000  1.000000
228      U659     INVX0   0.000000          0  1.000000  1.000000
176      U607     INVX0   0.000000          0  1.000000  1.000000
177      U608     INVX0   0.000000          0  1.000000  1.000000
244      U675   NAND4X0   0.000000          0  0.125000  0.125000
243      U674    NOR2X0   0.000000          0  0.062500  0.062500
237      U668   NAND2X0   0.000000          0  0.500000  0.500000
236      U667   NAND2X0   0.000000          0  0.500000  0.500000
235      U666     INVX0   0.000000          0  0.500000  0.500000
233      U664     INVX0   0.000000          0  1.000000  1.000000
231      U662     INVX0   0.000000          0  1.000000  1.000000
230      U661     INVX0   0.000000          0  0.500000  0.500000
178      U609     INVX0   0.000000          0  1.000000  1.000000
190      U621   NAND2X0   0.000000          0  0.312500  0.312500
208      U639   NAND2X0   0.000000          0  0.250000  0.250000
227      U658    AO21X1   0.000000          0  0.250000  0.250000
223      U654   NAND2X0   0.000000          0  0.500000  0.500000
220      U651     INVX0   0.000000          0  1.000000  1.000000
218      U649     INVX0   0.000000          0  1.000000  1.000000
216      U647     INVX0   0.000000          0  1.000000  1.000000
215      U646     INVX0   0.000000          0  1.000000  1.000000
214      U645   NAND3X0   0.000000          0  0.312500  0.312500
213      U644     INVX0   0.000000          0  1.000000  1.000000
191      U622   NAND3X0   0.000000          0  0.250000  0.250000
203      U634     INVX0   0.000000          0  1.000000  1.000000
209      U640    NOR2X0   0.000000          0  0.500000  0.500000
260      U691     INVX0   0.000000          0  1.000000  1.000000
264      U695    NOR2X0   0.000000          0  0.062500  0.062500
265      U696   NAND4X0   0.000000          0  0.125000  0.125000
266      U697     INVX0   0.000000          0  1.000000  1.000000
9        U440    AND2X1   0.000000          0  0.500000  0.500000
328      U759   AO222X1   0.000000          0  0.350000  0.350000
327      U758    NOR2X0   0.000000          0  0.500000  0.500000
326      U757   AOI21X1   0.000000          0  0.300000  0.300000
43       U474     INVX0   0.000000          0  1.000000  1.000000
325      U756    AND3X1   0.000000          0  0.125000  0.125000
322      U753   NAND2X0   0.000000          0  0.500000  0.500000
76       U507     INVX0   0.000000          0  1.000000  1.000000
311      U742   NAND2X0   0.000000          1  0.250000  0.250000
77       U508     INVX0   0.000000          0  1.000000  1.000000
307      U738     INVX0   0.000000          0  1.000000  1.000000
102      U533   NAND2X0   0.000000          0  0.500000  0.500000
306      U737    NOR2X0   0.000000          0  0.416667  0.416667
305      U736   AO222X1   0.000000          0  0.350000  0.350000
103      U534     INVX0   0.000000          0  0.125000  0.125000
296      U727   AO222X1   0.000000          0  0.350000  0.350000
293      U724    XOR2X1   0.000000          0  1.000000  1.000000
140      U571    NOR2X0   0.000000          0  0.500000  0.500000
285      U716   AO222X1   0.000000          0  0.350000  0.350000
161      U592   MUX21X1   0.000000          0  0.583333  0.583333
168      U599     INVX0   0.000000          0  0.500000  0.500000
175      U606     INVX0   0.000000          0  1.000000  1.000000
167      U598   NAND2X0  -0.038462          1  0.312500  0.325000
336      U767   AO221X1  -0.059829          1  0.200521  0.213281
391      U822  AOI221X1  -0.069432          1  0.179769  0.193182
340      U771  AOI221X1  -0.069432          1  0.179769  0.193182
351      U782  AOI221X1  -0.069432          1  0.179769  0.193182
367      U798  AOI221X1  -0.069432          1  0.179769  0.193182
250      U681     OR4X1  -0.077582          6  0.048340  0.052406
120      U551   NAND4X0  -0.090938          3  0.028902  0.031794
281      U712   AO221X1  -0.097977          2  0.200521  0.222301
114      U545   NAND4X0  -0.098558          3  0.028902  0.032063
435      U866    AO21X1  -0.100000          1  0.375000  0.416667
377      U808    NOR2X0  -0.142857          0  0.375000  0.437500
87       U518   NAND3X0  -0.146392          4  0.287500  0.336806
361      U792   MUX21X1  -0.156250          0  0.281250  0.333333
360      U791   AO221X1  -0.177663          1  0.186632  0.226953
138      U569    AO21X1  -0.179932          5  0.193576  0.236049
301      U732     INVX0  -0.187897          9  0.125000  0.153921
337      U768   MUX21X1  -0.235294          0  0.325000  0.425000
393      U824   AOI21X1  -0.255952          1  0.260417  0.350000
160      U591    AO22X1  -0.257143          1  0.325000  0.437500
33       U464   MUX21X1  -0.269220         16  0.068576  0.093840
308      U739   NAND4X0  -0.276408          0  0.160547  0.221875
93       U524   OA221X1  -0.285534          3  0.153809  0.215278
18       U449   OA221X1  -0.285534          3  0.153809  0.215278
22       U453   OA221X1  -0.285534          3  0.153809  0.215278
54       U485   OA221X1  -0.285534          3  0.153809  0.215278
59       U490   OA221X1  -0.285534          3  0.153809  0.215278
70       U501   OA221X1  -0.285534          3  0.153809  0.215278
74       U505   OA221X1  -0.285534          3  0.153809  0.215278
173      U604   OA221X1  -0.285534          3  0.153809  0.215278
169      U600   OA221X1  -0.285534          3  0.153809  0.215278
115      U546   OA221X1  -0.285534          3  0.153809  0.215278
121      U552   OA221X1  -0.285534          3  0.153809  0.215278
104      U535   OA221X1  -0.285534          3  0.153809  0.215278
403      U834    XOR2X1  -0.291667          2  0.708333  1.000000
290      U721   AO221X1  -0.294140          1  0.161024  0.228125
321      U752    AND3X1  -0.300000          1  0.262500  0.375000
201      U632   OA221X1  -0.303906          3  0.145020  0.208333
210      U641   OA221X1  -0.303906          3  0.145020  0.208333
379      U810    NOR2X0  -0.333333          0  0.250000  0.375000
344      U775    AND4X1  -0.348768          1  0.160547  0.246528
119      U550   AO221X1  -0.350427          2  0.131944  0.203125
211      U642   OA222X1  -0.396250          1  0.134766  0.223214
202      U633   OA222X1  -0.396250          1  0.134766  0.223214
405      U836   MUX21X1  -0.466667          1  0.400000  0.750000
195      U626   MUX21X1  -0.480000          0  0.325000  0.625000
86       U517     INVX0  -0.508772          4  0.250000  0.508929
41       U472    OA22X1  -0.510870          2  0.117188  0.239583
36       U467    OA22X1  -0.510870          2  0.117188  0.239583
34       U465   NAND4X0  -0.633829          4  0.066750  0.182292
39       U470   NAND4X0  -0.634274          4  0.066669  0.182292
13       U444    NOR4X0  -0.708551         50  0.008789  0.030156
404      U835   AOI21X1  -0.718750          2  0.281250  1.000000
276      U707   NAND4X0  -0.856342         19  0.008789  0.061181

Suspicious wires (mean_diff>1): 140/444
