    GATE_NAME GATE_TYPE  MEAN_DIFF  SIZE_DIFF      LIM2      LIM4
23       U134   NAND2X0  41.872786         11  0.500000  0.011662
20       U131   NAND2X0  41.872786         11  0.500000  0.011662
16       U127   NAND2X0  41.872786         11  0.500000  0.011662
13       U124   NAND2X0  41.872786         11  0.500000  0.011662
4        U115     INVX0  10.471828         23  0.262500  0.022882
42       U153   AOI21X1   8.115477         13  0.312500  0.034282
1        U112     INVX0   7.958148         19  0.281250  0.031396
3        U114     INVX0   7.921774         19  0.281250  0.031524
50       U161   NAND2X0   6.438816         13  0.416667  0.056012
8        U119   OA221X1   5.622154         34  0.103125  0.015573
34       U145   NAND2X0   5.567196         12  0.416667  0.063447
35       U146     OR3X1   5.396539         16  0.156250  0.024427
21       U132   AO221X1   5.303987         36  0.103125  0.016359
72       U183     INVX0   4.892520         11  0.125000  0.021213
14       U125   AO221X1   4.797158         35  0.103125  0.017789
11       U122   NAND2X0   4.592485         22  0.213976  0.038261
41       U152     INVX0   4.472591         11  0.416667  0.076137
38       U149     INVX0   4.472591         11  0.416667  0.076137
15       U126  AOI222X1   4.382176         33  0.103125  0.019160
19       U130   AO222X1   4.351186         32  0.103125  0.019271
18       U129   AO221X1   4.336681         32  0.103125  0.019324
27       U138     INVX0   4.301122         10  0.500000  0.094320
12       U123   AO222X1   4.256363         31  0.110884  0.021095
31       U142   NAND2X0   4.075879         10  0.416667  0.082088
22       U133   AO222X1   4.050920         31  0.103125  0.020417
68       U179    OA21X1   3.870838         10  0.416667  0.085543
56       U167    OA21X1   3.870838         10  0.416667  0.085543
71       U182    OA21X1   3.870838         10  0.416667  0.085543
48       U159   NAND3X0   3.852484         12  0.156250  0.032200
32       U143   NAND3X0   3.841625         12  0.156250  0.032272
73       U184    NOR2X0   3.782553         11  0.250000  0.052273
45       U156   NAND3X0   3.772278         11  0.156250  0.032741
60       U171     OR2X1   3.763720         11  0.250000  0.052480
26       U137     OR4X1   3.453842         13  0.137500  0.030872
62       U173   NAND3X0   3.396197         10  0.250000  0.056867
7        U118    NOR2X0   3.312636         37  0.176649  0.040961
77       U188     INVX0   3.226415          5  0.500000  0.118304
57       U168   NAND2X0   3.082183          9  0.250000  0.061242
78       U189   NAND2X0   3.082183          9  0.250000  0.061242
75       U186    NOR2X0   3.082183          9  0.250000  0.061242
36       U147    NOR2X0   2.938806         19  0.287500  0.072992
28       U139    NOR2X0   2.410256         16  0.237500  0.069643
59       U170   AOI21X1   2.243059         10  0.237500  0.073233
29       U140   NAND3X0   2.137255          6  0.156250  0.049805
64       U175   NAND2X0   2.079084         10  0.237500  0.077133
6        U117   NAND3X0   1.904486         14  0.171609  0.059084
47       U158     OR2X1   1.634438         17  0.218750  0.083035
80       U191   AOI21X1   1.590256          9  0.187500  0.072387
74       U185    AO21X1   1.589064          9  0.187500  0.072420
61       U172    AO21X1   1.585256          9  0.187500  0.072527
76       U187    AO21X1   1.576965          9  0.187500  0.072760
51       U162     INVX0   1.401647         17  0.125000  0.052048
37       U148  AOI222X1   1.390297         10  0.154278  0.064543
43       U154    OA21X1   1.355536         15  0.136161  0.057805
39       U150    OA21X1   1.344659         15  0.136161  0.058073
17       U128   NAND4X0   1.275646         24  0.111638  0.049057
70       U181     INVX0   1.222222          3  0.416667  0.187500
67       U178     INVX0   1.222222          3  0.416667  0.187500
54       U165   NAND2X0   1.113208          3  0.250000  0.118304
65       U176     OR3X1   1.023842          8  0.281250  0.138968
5        U116   NAND3X0   1.010987         19  0.168132  0.083606
69       U180    NOR2X0   1.000000          2  0.500000  0.250000
66       U177    NOR2X0   1.000000          2  0.500000  0.250000
9        U120     INVX0   0.868939         31  0.125000  0.066883
0        U111    AO21X1   0.837889         26  0.129705  0.070573
25       U136    AND4X1   0.651362          9  0.149996  0.090832
2        U113   AO221X1   0.442749         13  0.102260  0.070879
53       U164   NAND4X0   0.372156          6  0.199219  0.145187
63       U174     INVX0   0.000000          0  1.000000  1.000000
93       U204   NAND2X0   0.000000          0  0.500000  0.500000
87       U198     INVX0   0.000000          0  1.000000  1.000000
89       U200     INVX0   0.000000          0  0.500000  0.500000
90       U201   NAND2X0   0.000000          0  0.500000  0.500000
91       U202     INVX0   0.000000          0  1.000000  1.000000
92       U203     INVX0   0.000000          0  0.500000  0.500000
94       U205     INVX0   0.000000          0  1.000000  1.000000
85       U196     INVX0   0.000000          0  1.000000  1.000000
95       U206     INVX0   0.000000          0  0.500000  0.500000
96       U207   NAND2X0   0.000000          0  0.500000  0.500000
97       U208     INVX0   0.000000          0  1.000000  1.000000
98       U209     OR2X1   0.000000          0  0.500000  0.500000
99       U210     INVX0   0.000000          0  1.000000  1.000000
100      U211     OR2X1   0.000000          0  0.500000  0.500000
86       U197     INVX0   0.000000          0  1.000000  1.000000
83       U194    OA22X1   0.000000          0  0.375000  0.375000
84       U195     INVX0   0.000000          0  1.000000  1.000000
58       U169     INVX0   0.000000          0  1.000000  1.000000
55       U166     INVX0   0.000000          0  1.000000  1.000000
49       U160     INVX0   0.000000          0  1.000000  1.000000
46       U157     INVX0   0.000000          0  1.000000  1.000000
44       U155     INVX0   0.000000          0  1.000000  1.000000
40       U151     INVX0   0.000000          0  1.000000  1.000000
33       U144     INVX0   0.000000          0  1.000000  1.000000
30       U141     INVX0   0.000000          0  1.000000  1.000000
79       U190     INVX0   0.000000          0  1.000000  1.000000
82       U193   OA221X1   0.000000          0  0.210938  0.210938
101      U212     INVX0   0.000000          0  1.000000  1.000000
88       U199    NOR3X0  -0.111111          3  0.250000  0.281250
81       U192   NAND4X0  -0.563409          6  0.021973  0.050328
24       U135   NAND4X0  -0.731288         28  0.017494  0.065102
10       U121    NOR4X0  -0.874010         23  0.005878  0.046656
52       U163    NOR4X0  -0.921248         19  0.005078  0.064483

Suspicious wires (mean_diff>1): 61/102
