    GATE_NAME GATE_TYPE  MEAN_DIFF  SIZE_DIFF      LIM2      LIM4
7        U163    NOR2X0   8.139972         16  0.062500  0.006838
5        U161    NOR2X0   8.095634         16  0.062500  0.006871
34       U190    NOR2X0   8.005764         15  0.062500  0.006940
36       U192    NOR2X0   7.941345         15  0.062500  0.006990
72       U228    NOR2X0   7.940736         16  0.062500  0.006990
3        U159    NOR2X0   7.922502         16  0.062500  0.007005
78       U234    NOR2X0   7.886256         16  0.062500  0.007033
66       U222    NOR2X0   7.865248         27  0.062500  0.007050
32       U188    NOR2X0   7.852691         15  0.062500  0.007060
30       U186    NOR2X0   7.852691         15  0.062500  0.007060
56       U212    NOR2X0   7.825013         23  0.062500  0.007082
52       U208    NOR2X0   7.785749         24  0.062500  0.007114
20       U176    NOR2X0   7.780332         28  0.062500  0.007118
42       U198    NOR2X0   7.773396         16  0.062500  0.007124
74       U230    NOR2X0   7.761682         16  0.062500  0.007133
14       U170    NOR2X0   7.741259         25  0.062500  0.007150
22       U178    NOR2X0   7.728311         28  0.062500  0.007161
44       U200    NOR2X0   7.646245         16  0.062500  0.007229
1        U157    NOR2X0   7.634868         16  0.062500  0.007238
76       U232    NOR2X0   7.584042         16  0.062500  0.007281
24       U180    NOR2X0   7.536065         27  0.062500  0.007322
10       U166    NOR2X0   7.484163         28  0.062500  0.007367
54       U210    NOR2X0   7.478682         23  0.062500  0.007371
62       U218    NOR2X0   7.460699         26  0.062500  0.007387
12       U168    NOR2X0   7.457006         26  0.062500  0.007390
58       U214    NOR2X0   7.442143         25  0.062500  0.007403
26       U182    NOR2X0   7.430755         25  0.062500  0.007413
46       U202    NOR2X0   7.413462         16  0.062500  0.007429
68       U224    NOR2X0   7.396306         27  0.062500  0.007444
48       U204    NOR2X0   7.343929         16  0.062500  0.007490
64       U220    NOR2X0   7.343447         28  0.062500  0.007491
16       U172    NOR2X0   7.087343         27  0.062500  0.007728
25       U181    XOR2X1   5.033670         11  0.666667  0.110491
63       U219    XOR2X1   5.033670         11  0.666667  0.110491
9        U165   XNOR2X1   5.033670         11  0.666667  0.110491
11       U167    XOR2X1   5.033670         11  0.666667  0.110491
13       U169    XOR2X1   5.033670         11  0.666667  0.110491
61       U217    XOR2X1   5.033670         11  0.666667  0.110491
15       U171    XOR2X1   5.033670         11  0.666667  0.110491
65       U221    XOR2X1   5.033670         11  0.666667  0.110491
19       U175    XOR2X1   5.033670         11  0.666667  0.110491
21       U177    XOR2X1   5.033670         11  0.666667  0.110491
67       U223    XOR2X1   5.033670         11  0.666667  0.110491
23       U179    XOR2X1   5.033670         11  0.666667  0.110491
57       U213    XOR2X1   4.777778         10  0.666667  0.115385
55       U211    XOR2X1   4.777778         10  0.666667  0.115385
53       U209   XNOR2X1   4.777778         10  0.666667  0.115385
51       U207    XOR2X1   4.777778         10  0.666667  0.115385
71       U227    XOR2X1   3.904215          7  0.666667  0.135937
73       U229    XOR2X1   3.904215          7  0.666667  0.135937
75       U231   XNOR2X1   3.904215          7  0.666667  0.135937
77       U233    XOR2X1   3.904215          7  0.666667  0.135937
0        U156    XOR2X1   3.904215          7  0.666667  0.135937
35       U191    XOR2X1   3.904215          7  0.666667  0.135937
2        U158    XOR2X1   3.904215          7  0.666667  0.135937
6        U162    XOR2X1   3.904215          7  0.666667  0.135937
29       U185    XOR2X1   3.904215          7  0.666667  0.135937
31       U187    XOR2X1   3.904215          7  0.666667  0.135937
33       U189    XOR2X1   3.904215          7  0.666667  0.135937
4        U160    XOR2X1   3.904215          7  0.666667  0.135937
41       U197    XOR2X1   3.904215          7  0.666667  0.135937
47       U203    XOR2X1   3.904215          7  0.666667  0.135937
45       U201    XOR2X1   3.904215          7  0.666667  0.135937
43       U199    XOR2X1   3.904215          7  0.666667  0.135937
17       U173   NAND4X0   1.476010         37  0.081250  0.032815
69       U225   NAND4X0   1.463677         38  0.081250  0.032979
59       U215   NAND4X0   1.461641         36  0.079861  0.032442
27       U183   NAND4X0   1.449016         37  0.081250  0.033177
37       U193   NAND4X0   1.412462         26  0.072917  0.030225
79       U235   NAND4X0   1.357801         29  0.072917  0.030926
49       U205   NAND4X0   1.306864         29  0.072917  0.031609
8        U164   NAND4X0   1.269325         29  0.072917  0.032131
101      U257     INVX0   0.083333         10  1.000000  0.923077
109      U265     INVX0   0.083333         10  1.000000  0.923077
83       U239     INVX0   0.083333         10  1.000000  0.923077
123      U279     INVX0   0.083333         10  1.000000  0.923077
143      U299     INVX0   0.083333         10  1.000000  0.923077
92       U248     INVX0   0.083333         10  1.000000  0.923077
133      U289     INVX0   0.083333         10  1.000000  0.923077
117      U273     INVX0   0.083333         10  1.000000  0.923077
134      U290   XNOR3X1   0.076923          6  1.000000  0.928571
124      U280   XNOR3X1   0.076923          6  1.000000  0.928571
110      U266   XNOR3X1   0.076923          6  1.000000  0.928571
85       U241   XNOR3X1   0.076923          6  1.000000  0.928571
144      U300   XNOR3X1   0.076923          6  1.000000  0.928571
102      U258   XNOR3X1   0.076923          6  1.000000  0.928571
93       U249   XNOR3X1   0.076923          6  1.000000  0.928571
118      U274   XNOR3X1   0.076923          6  1.000000  0.928571
18       U174    NOR2X0   0.066748         15  0.500000  0.468714
70       U226    NOR2X0   0.064013         16  0.500000  0.469919
60       U216    NOR2X0   0.063120         16  0.500000  0.470314
28       U184    NOR2X0   0.062226         15  0.500000  0.470710
39       U195     OR3X1   0.008402         18  0.312500  0.309896
84       U240     OR3X1   0.007162         19  0.312500  0.310278
40       U196     OR3X1   0.004997         18  0.312500  0.310946
50       U206    NOR2X0   0.000560         13  0.500000  0.499720
138      U294   NAND2X0   0.000000          0  0.500000  0.500000
128      U284   NAND2X0   0.000000          0  0.500000  0.500000
151      U307    XOR3X1   0.000000          0  1.000000  1.000000
121      U277    XOR3X1   0.000000          0  1.000000  1.000000
122      U278    XOR2X1   0.000000          0  1.000000  1.000000
150      U306   XNOR2X1   0.000000          0  1.000000  1.000000
149      U305   XNOR3X1   0.000000          0  1.000000  1.000000
126      U282   XNOR3X1   0.000000          0  1.000000  1.000000
127      U283   XNOR2X1   0.000000          0  1.000000  1.000000
148      U304   NAND2X0   0.000000          0  0.500000  0.500000
120      U276   NAND2X0   0.000000          0  0.500000  0.500000
129      U285   XNOR3X1   0.000000          0  1.000000  1.000000
137      U293   XNOR2X1   0.000000          0  1.000000  1.000000
130      U286   XNOR2X1   0.000000          0  1.000000  1.000000
131      U287    XOR3X1   0.000000          0  1.000000  1.000000
132      U288    XOR2X1   0.000000          0  1.000000  1.000000
146      U302   XNOR3X1   0.000000          0  1.000000  1.000000
142      U298    XOR2X1   0.000000          0  1.000000  1.000000
141      U297    XOR3X1   0.000000          0  1.000000  1.000000
140      U296   XNOR2X1   0.000000          0  1.000000  1.000000
139      U295   XNOR3X1   0.000000          0  1.000000  1.000000
136      U292   XNOR3X1   0.000000          0  1.000000  1.000000
147      U303   XNOR2X1   0.000000          0  1.000000  1.000000
152      U308    XOR2X1   0.000000          0  1.000000  1.000000
98       U254    XOR3X1   0.000000          0  1.000000  1.000000
105      U261   XNOR3X1   0.000000          0  1.000000  1.000000
89       U245    XOR2X1   0.000000          0  1.000000  1.000000
90       U246     INVX0   0.000000          0  1.000000  1.000000
91       U247    NOR2X0   0.000000         11  0.500000  0.500000
87       U243   NAND2X0   0.000000          0  0.500000  0.500000
95       U251   XNOR3X1   0.000000          0  1.000000  1.000000
96       U252   XNOR2X1   0.000000          0  1.000000  1.000000
97       U253   NAND2X0   0.000000          0  0.500000  0.500000
99       U255   XNOR2X1   0.000000          0  1.000000  1.000000
100      U256     INVX0   0.000000          0  1.000000  1.000000
104      U260   NAND2X0   0.000000          0  0.500000  0.500000
106      U262   XNOR2X1   0.000000          0  1.000000  1.000000
107      U263    XOR3X1   0.000000          0  1.000000  1.000000
108      U264    XOR2X1   0.000000          0  1.000000  1.000000
112      U268   NAND2X0   0.000000          0  0.500000  0.500000
113      U269   XNOR3X1   0.000000          0  1.000000  1.000000
114      U270    XOR2X1   0.000000          0  1.000000  1.000000
115      U271     INVX0   0.000000          0  1.000000  1.000000
88       U244   XNOR3X1   0.000000          0  1.000000  1.000000
116      U272    NOR2X0  -0.000680         13  0.500000  0.500340
82       U238    NOR2X0  -0.000959         13  0.500000  0.500480
81       U237     OR3X1  -0.039598         18  0.303571  0.316088
145      U301    XOR2X1  -0.040000          1  0.800000  0.833333
86       U242    XOR2X1  -0.040000          1  0.800000  0.833333
119      U275    XOR2X1  -0.040000          1  0.800000  0.833333
94       U250    XOR2X1  -0.040000          1  0.800000  0.833333
135      U291    XOR2X1  -0.040000          1  0.800000  0.833333
111      U267    XOR2X1  -0.040000          1  0.800000  0.833333
125      U281    XOR2X1  -0.040000          1  0.800000  0.833333
103      U259    XOR2X1  -0.040000          1  0.800000  0.833333
38       U194   NAND2X0  -0.414372         20  0.218750  0.373531
80       U236   NAND2X0  -0.415540         20  0.218750  0.374277

Suspicious wires (mean_diff>1): 72/153
