    GATE_NAME GATE_TYPE  MEAN_DIFF  SIZE_DIFF      LIM2      LIM4
391     U1041    AND4X1  36.055336         10  0.062500  0.001687
358     U1008    NOR3X0   8.630200         13  0.031250  0.003245
361     U1011   NAND2X0   4.161290          6  0.250000  0.048438
141      U791    NOR2X0   3.111842         25  0.007812  0.001900
324      U974   NAND2X0   2.912871          8  0.237500  0.060697
153      U803   XNOR2X1   2.755689          9  0.700000  0.186384
33       U683   MUX21X1   2.209726          7  0.750000  0.233665
297      U947   MUX21X1   1.841702         12  0.375000  0.131963
229      U879   NAND2X0   1.841574          9  0.500000  0.175959
223      U873    XOR2X1   1.780088         13  0.650000  0.233806
299      U949   XNOR2X1   1.742857          6  0.666667  0.243056
365     U1015    AND2X1   1.588235          5  0.137500  0.053125
70       U720     INVX0   1.526316          4  0.500000  0.197917
27       U677   XNOR3X1   1.414944         12  1.000000  0.414088
83       U733   XNOR3X1   1.357895          9  1.000000  0.424107
402     U1052    NOR2X0   1.352941          6  0.125000  0.053125
213      U863   NAND2X0   1.339120         10  0.312500  0.133597
142      U792     OR4X1   1.179599         21  0.125000  0.057350
228      U878    OA21X1   1.164822          8  0.416667  0.192472
222      U872     OR3X1   1.145666         11  0.245536  0.114433
232      U882     OR4X1   1.121248         21  0.125000  0.058928
207      U857     INVX0   1.090452         10  0.500000  0.239183
407     U1057   NAND3X0   1.082840          7  0.125000  0.060014
1        U651   NAND2X0   1.078663         10  0.214286  0.103088
3        U653   NAND2X0   1.075939         10  0.214286  0.103224
320      U970   NAND3X0   1.053681         12  0.137500  0.066953
87       U737   XNOR2X1   1.053476          4  0.750000  0.365234
34       U684    XOR2X1   1.021053          8  0.500000  0.247396
47       U697   XNOR2X1   1.015012         18  1.000000  0.496275
154      U804   AOI21X1   1.009132          8  0.416667  0.207386
469     U1119   NAND2X0   1.000000          1  0.500000  0.250000
463     U1113   NAND2X0   1.000000          1  0.500000  0.250000
61       U711   NAND2X0   0.998301         13  0.500000  0.250213
103      U753   AO221X1   0.977381         14  0.110759  0.056013
231      U881     INVX0   0.975309          5  0.416667  0.210938
267      U917   XNOR2X1   0.959420          8  0.650000  0.331731
217      U867   XNOR2X1   0.959184          6  0.666667  0.340278
115      U765   AO221X1   0.954664         14  0.110741  0.056655
111      U761   AO221X1   0.953466         14  0.109394  0.056000
107      U757   AO221X1   0.945763         14  0.108994  0.056016
71       U721   XNOR3X1   0.926882          7  1.000000  0.518973
179      U829    AO22X1   0.922617          8  0.194444  0.101135
11       U661     INVX0   0.907014         18  1.000000  0.524380
88       U738   XNOR2X1   0.893623         11  1.000000  0.528088
212      U862   MUX21X1   0.883928          8  0.575000  0.305213
175      U825    AO22X1   0.874954          7  0.194444  0.103706
332      U982    AO22X1   0.826879          9  0.224609  0.122947
170      U820   AO221X1   0.820218         10  0.122967  0.067556
177      U827    AO22X1   0.818300          7  0.194444  0.106938
162      U812   AO221X1   0.814594         10  0.122913  0.067736
206      U856    NOR4X0   0.809846         14  0.003906  0.002158
105      U755   AO221X1   0.809139         10  0.110706  0.061193
15       U665   XNOR3X1   0.803860         18  0.750000  0.415775
113      U763   AO221X1   0.799073         10  0.109624  0.060933
464     U1114   NAND2X0   0.785714          1  0.312500  0.175000
466     U1116   NAND2X0   0.785714          1  0.312500  0.175000
65       U715   XNOR3X1   0.780958          8  0.833333  0.467913
287      U937    OA21X1   0.777778          5  0.325000  0.182812
82       U732    XOR2X1   0.777778          4  1.000000  0.562500
302      U952   XNOR2X1   0.777778          5  0.500000  0.281250
40       U690    NOR2X0   0.777778          8  0.312500  0.175781
286      U936   XNOR2X1   0.773643          6  0.650000  0.366477
149      U799     INVX0   0.762238          8  0.281250  0.159598
166      U816   AO221X1   0.756743          9  0.122613  0.069796
181      U831    AO22X1   0.754815          7  0.194444  0.110806
20       U670   XNOR3X1   0.748344          6  0.750000  0.428977
158      U808   AO221X1   0.742326          9  0.121520  0.069746
60       U710   AO222X1   0.742151         22  0.276786  0.158876
208      U858     OR3X1   0.735947         10  0.229167  0.132013
339      U989    OA22X1   0.723391          7  0.270833  0.157151
172      U822   AO221X1   0.719730          9  0.123047  0.071550
168      U818   AO221X1   0.719351          9  0.122833  0.071442
160      U810   AO221X1   0.708692          9  0.122620  0.071763
246      U896   XNOR2X1   0.702758         11  1.000000  0.587282
164      U814   AO221X1   0.695965          9  0.122060  0.071971
233      U883   XNOR2X1   0.694213         11  0.416667  0.245935
135      U785     INVX0   0.687500          6  0.281250  0.166667
147      U797     INVX0   0.687500          6  0.281250  0.166667
257      U907   XNOR2X1   0.687500          5  0.750000  0.444444
190      U840   AO221X1   0.687152          8  0.122847  0.072813
216      U866   MUX21X1   0.683046          9  0.292969  0.174071
261      U911   XNOR2X1   0.682353          6  0.650000  0.386364
145      U795     INVX0   0.680000          8  0.281250  0.167411
133      U783     INVX0   0.680000          8  0.281250  0.167411
198      U848   AO221X1   0.679183          8  0.122653  0.073043
26       U676    XOR3X1   0.679112          6  1.000000  0.595553
31       U681    XOR3X1   0.672560         12  0.857143  0.512474
309      U959     INVX0   0.671429          7  0.281250  0.168269
86       U736   MUX21X1   0.667368          6  0.450000  0.269886
326      U976    OA21X1   0.664000          5  0.325000  0.195312
16       U666   MUX21X1   0.651085         10  0.402778  0.243947
262      U912     INVX0   0.647059          8  0.281250  0.170759
137      U787     INVX0   0.647059          8  0.281250  0.170759
28       U678    XOR2X1   0.625144          6  0.392857  0.241737
157      U807    XOR2X1   0.600000          2  1.000000  0.625000
215      U865     INVX0   0.600000          2  0.500000  0.312500
340      U990     INVX0   0.600000          2  1.000000  0.625000
362     U1012   XNOR2X1   0.600000          2  1.000000  0.625000
385     U1035     INVX0   0.600000          2  0.500000  0.312500
398     U1048    NOR2X0   0.600000          2  1.000000  0.625000
312      U962   NAND2X0   0.600000          2  0.500000  0.312500
230      U880     INVX0   0.600000          2  0.500000  0.312500
42       U692     INVX0   0.600000          2  0.500000  0.312500
403     U1053     INVX0   0.600000          2  1.000000  0.625000
346      U996     INVX0   0.600000          2  1.000000  0.625000
315      U965   XNOR2X1   0.600000          2  1.000000  0.625000
367     U1017     INVX0   0.600000          2  1.000000  0.625000
373     U1023    NOR2X0   0.600000          2  1.000000  0.625000
404     U1054   XNOR2X1   0.600000          2  1.000000  0.625000
414     U1064     INVX0   0.600000          2  1.000000  0.625000
337      U987     INVX0   0.600000          2  1.000000  0.625000
268      U918    OA21X1   0.586854          7  0.270833  0.170673
238      U888   XNOR3X1   0.584615         11  0.833333  0.525890
278      U928     INVX0   0.581081          7  0.281250  0.177885
4        U654   MUX41X1   0.576880         15  0.174730  0.110807
46       U696     INVX0   0.565810         15  1.000000  0.638647
2        U652   MUX41X1   0.564776         15  0.174730  0.111664
298      U948    AO21X1   0.563910          6  0.270833  0.173177
78       U728   AOI21X1   0.563910          6  0.270833  0.173177
234      U884    OA21X1   0.563399          9  0.175781  0.112435
9        U659   AO222X1   0.558695         25  0.281250  0.180439
13       U663   NAND2X0   0.555556         11  0.500000  0.321429
283      U933   XNOR2X1   0.551724          6  0.562500  0.362500
67       U717   MUX21X1   0.540640          2  0.310268  0.201389
214      U864    OA21X1   0.538077          8  0.229167  0.148996
150      U800   AO222X1   0.531285          8  0.203125  0.132650
10       U660   AO222X1   0.523776         17  0.285714  0.187504
174      U824   AO221X1   0.520187         11  0.160006  0.105254
73       U723    OA21X1   0.519256          5  0.270833  0.178267
209      U859    XOR2X1   0.510112          9  0.450000  0.297991
77       U727   MUX21X1   0.509285         15  0.402778  0.266867
76       U726   XNOR3X1   0.500000          4  1.000000  0.666667
417     U1067     INVX0   0.500000          1  1.000000  0.666667
305      U955   AOI21X1   0.500000          1  1.000000  0.666667
244      U894   XNOR3X1   0.500000          3  0.750000  0.500000
248      U898   XNOR2X1   0.500000          2  0.750000  0.500000
163      U813    AO22X1   0.484257          6  0.082830  0.055806
300      U950   NAND2X0   0.476923          6  0.250000  0.169271
341      U991    OA21X1   0.475177          6  0.270833  0.183594
336      U986    NOR2X0   0.473684          4  0.250000  0.169643
323      U973    AND2X1   0.473684          3  0.250000  0.169643
32       U682   XNOR3X1   0.471228          8  0.785714  0.534053
84       U734   XNOR3X1   0.470638          4  0.600000  0.407986
155      U805     INVX0   0.466667          5  0.333333  0.227273
101      U751   AO221X1   0.465099          6  0.108882  0.074317
109      U759   AO221X1   0.463158          6  0.109482  0.074826
171      U821    AO22X1   0.460397          6  0.082830  0.056718
93       U743   MUX21X1   0.458333          3  0.625000  0.428571
44       U694   NAND3X0   0.454545          4  0.125000  0.085938
161      U811    AO22X1   0.450916          6  0.082830  0.057088
169      U819    AO22X1   0.442888          6  0.082830  0.057406
288      U938    OA21X1   0.440000          4  0.325000  0.225694
325      U975   OAI22X1   0.432507          4  0.270833  0.189062
284      U934     INVX0   0.426829          7  0.281250  0.197115
139      U789     INVX0   0.426829          7  0.281250  0.197115
259      U909     INVX0   0.426829          7  0.281250  0.197115
265      U915     INVX0   0.426829          7  0.281250  0.197115
121      U771   AO221X1   0.423860         14  0.123050  0.086420
180      U830   AO221X1   0.418548         10  0.160006  0.112796
127      U777   AO221X1   0.414286         14  0.122925  0.086917
117      U767   AO221X1   0.412478         14  0.122975  0.087063
19       U669   XNOR2X1   0.411765          4  0.562500  0.398438
176      U826   AO221X1   0.411746         10  0.160006  0.113339
21       U671   XNOR2X1   0.408696          5  0.562500  0.399306
123      U773   AO221X1   0.408251         14  0.122081  0.086690
165      U815    AO22X1   0.403343          6  0.082830  0.059024
173      U823    AO22X1   0.401667          6  0.082830  0.059094
178      U828   AO221X1   0.400379          9  0.160006  0.114259
328      U978    OA21X1   0.397015          4  0.325000  0.232639
140      U790   AO222X1   0.384888          8  0.187500  0.135390
303      U953     INVX0   0.375000          5  0.281250  0.204545
14       U664   XNOR2X1   0.372639         21  0.750000  0.546393
269      U919    OA21X1   0.361905          5  0.270833  0.198864
134      U784   AO222X1   0.361656          6  0.187500  0.137700
152      U802   AO222X1   0.357877          5  0.238281  0.175481
211      U861     INVX0   0.353066          7  0.500000  0.369531
255      U905     INVX0   0.350000          6  0.281250  0.208333
247      U897   XNOR3X1   0.350000          3  0.750000  0.555556
220      U870    NOR4X0   0.348350         23  0.003906  0.002897
334      U984    OA21X1   0.338481          4  0.270833  0.202344
81       U731    NOR2X0   0.333333          1  0.416667  0.312500
38       U688   XNOR2X1   0.333333          3  1.000000  0.750000
258      U908    NOR2X0   0.333333          2  0.375000  0.281250
366     U1016    NOR2X0   0.333333          6  0.250000  0.187500
394     U1044     INVX0   0.333333          4  0.500000  0.375000
18       U668   XNOR3X1   0.330724          3  0.607143  0.456250
144      U794     OR4X1   0.316713         11  0.062500  0.047467
138      U788   AO222X1   0.312155          7  0.187500  0.142895
17       U667    OA21X1   0.311493          4  0.247768  0.188920
235      U885    OA21X1   0.311493          4  0.247768  0.188920
119      U769   AO221X1   0.307574         10  0.122137  0.093408
125      U775   AO221X1   0.302085         10  0.121775  0.093523
224      U874    OA21X1   0.294216         10  0.154080  0.119053
221      U871   XNOR2X1   0.289552          7  0.450000  0.348958
66       U716   NAND2X0   0.286550          4  0.229167  0.178125
239      U889    XOR3X1   0.285714          4  0.642857  0.500000
250      U900    XOR3X1   0.285714          4  0.642857  0.500000
281      U931     INVX0   0.285714          4  0.281250  0.218750
79       U729    XOR3X1   0.277445          4  0.666667  0.521875
22       U672    OA21X1   0.274510          4  0.270833  0.212500
69       U719   NAND2X0   0.272727          3  0.250000  0.196429
151      U801     INVX0   0.265625          3  0.281250  0.222222
225      U875    NOR2X0   0.263158          6  0.416667  0.329861
72       U722   XNOR3X1   0.260776          1  0.380859  0.302083
290      U940   AO221X1   0.258238          8  0.142770  0.113468
264      U914   XNOR2X1   0.256039          7  0.416667  0.331731
74       U724   OA221X1   0.253731          3  0.291667  0.232639
249      U899   XNOR2X1   0.250000          1  0.625000  0.500000
240      U890   MUX21X1   0.250000          1  0.625000  0.500000
251      U901   MUX21X1   0.250000          1  0.625000  0.500000
280      U930   XNOR2X1   0.246154          5  0.562500  0.451389
64       U714   XNOR3X1   0.242636          7  0.666667  0.536494
29       U679   XNOR2X1   0.229268          4  0.350000  0.284722
218      U868    AO21X1   0.222222          2  0.458333  0.375000
80       U730     OR2X1   0.219048          4  0.250000  0.205078
156      U806   MUX41X1   0.218786          5  0.263889  0.216518
333      U983   OAI21X1   0.211934         10  0.137500  0.113455
289      U939    OA21X1   0.206897          3  0.312500  0.258929
36       U686    AND2X1   0.206897          2  0.312500  0.258929
167      U817    AO22X1   0.206763          3  0.082830  0.068638
159      U809    AO22X1   0.206763          3  0.082830  0.068638
291      U941    AO22X1   0.202394          1  0.160547  0.133523
330      U980    OA21X1   0.200000          2  0.375000  0.312500
63       U713   MUX21X1   0.196655          9  0.500000  0.417831
54       U704    XOR3X1   0.192465          3  0.590909  0.495536
219      U869     OR4X1   0.166667          1  0.109375  0.093750
227      U877   MUX21X1   0.165992          5  0.500000  0.428819
263      U913   AO222X1   0.153679          5  0.187500  0.162524
24       U674   MUX21X1   0.149769         13  0.500000  0.434870
343      U993    OA21X1   0.149302          3  0.238839  0.207813
43       U693   NAND3X0   0.149302          3  0.238839  0.207813
186      U836   AO221X1   0.148386          8  0.122456  0.106633
260      U910   AO222X1   0.137337          5  0.187500  0.164859
282      U932   AO222X1   0.135802          3  0.239583  0.210938
62       U712    XOR2X1   0.133255         23  0.500000  0.441207
146      U796   AO222X1   0.131520          4  0.187500  0.165706
68       U718    OA21X1   0.128358          4  0.262500  0.232639
266      U916   AO222X1   0.127099          4  0.187500  0.166356
345      U995   AOI22X1   0.126437          1  0.291667  0.258929
48       U698    XOR3X1   0.123404          2  0.550000  0.489583
7        U657   AO221X1   0.118281         12  0.123119  0.110096
184      U834   AO221X1   0.115671          8  0.123519  0.110713
89       U739    XOR3X1   0.111111          1  0.555556  0.500000
45       U695   NAND3X0   0.105263          1  0.187500  0.169643
182      U832   AO221X1   0.104878          7  0.122800  0.111143
5        U655   AO221X1   0.101495         12  0.122219  0.110957
188      U838   AO221X1   0.094410          8  0.122925  0.112321
12       U662   AO222X1   0.087139          9  0.281250  0.258707
335      U985   AOI21X1   0.086207          1  0.281250  0.258929
322      U972    AO21X1   0.086207          1  0.281250  0.258929
37       U687   NAND2X0   0.071429          1  0.312500  0.291667
236      U886    OA21X1   0.069091          2  0.262500  0.245536
313      U963     INVX0   0.058824          2  0.281250  0.265625
285      U935   AO222X1   0.055862          3  0.187500  0.177580
129      U779   AO221X1   0.054994          6  0.122744  0.116345
270      U920    OA21X1   0.050505          2  0.270833  0.257812
23       U673   XNOR2X1   0.050000          3  0.562500  0.535714
210      U860    NOR2X0   0.043478          6  0.416667  0.399306
191      U841    AO22X1   0.042846          1  0.082830  0.079427
199      U849    AO22X1   0.042846          1  0.082830  0.079427
131      U781   AO221X1   0.040528          6  0.121619  0.116882
39       U689   XNOR2X1   0.037037          4  0.666667  0.642857
279      U929   AO222X1   0.024390          2  0.187500  0.183036
271      U921   AO221X1   0.021590          5  0.122887  0.120290
256      U906   AO222X1   0.021205          3  0.187500  0.183607
92       U742    XOR3X1   0.010526          1  0.500000  0.494792
405     U1055     INVX0   0.000000          0  0.500000  0.500000
374     U1024    NOR2X0   0.000000          0  0.312500  0.312500
368     U1018    XOR2X1   0.000000          0  0.625000  0.625000
372     U1022   MUX21X1   0.000000          0  0.500000  0.500000
369     U1019   MUX21X1   0.000000          0  0.500000  0.500000
371     U1021    XOR2X1   0.000000          0  0.625000  0.625000
376     U1026   MUX21X1   0.000000          0  0.500000  0.500000
375     U1025    AND2X1   0.000000          0  0.312500  0.312500
383     U1033   MUX21X1   0.000000          0  0.500000  0.500000
377     U1027    OA21X1   0.000000          0  0.625000  0.625000
378     U1028   NAND2X0   0.000000          0  0.312500  0.312500
400     U1050    AND2X1   0.000000          0  0.312500  0.312500
399     U1049    NOR2X0   0.000000          0  0.312500  0.312500
397     U1047   MUX21X1   0.000000          0  0.500000  0.500000
396     U1046    XOR2X1   0.000000          0  0.625000  0.625000
393     U1043   MUX21X1   0.000000          0  0.500000  0.500000
392     U1042     INVX0   0.000000          0  0.500000  0.500000
390     U1040   MUX21X1   0.000000          0  0.500000  0.500000
389     U1039    XOR2X1   0.000000          0  0.625000  0.625000
388     U1038   MUX21X1   0.000000          0  0.500000  0.500000
387     U1037    NOR2X0   0.000000          0  0.312500  0.312500
386     U1036   NAND2X0   0.000000          0  0.312500  0.312500
401     U1051   MUX21X1   0.000000          0  0.500000  0.500000
382     U1032   NAND2X0   0.000000          0  0.312500  0.312500
381     U1031    OA21X1   0.000000          0  0.625000  0.625000
379     U1029   MUX21X1   0.000000          0  0.500000  0.500000
406     U1056   MUX21X1   0.000000          0  0.500000  0.500000
0        U650    NOR2X1   0.000000          0  0.500000  0.500000
408     U1058    NOR2X0   0.000000          2  0.312500  0.312500
409     U1059   MUX21X1   0.000000          0  0.500000  0.500000
470     U1120     INVX0   0.000000          0  0.500000  0.500000
468     U1118     INVX0   0.000000          0  1.000000  1.000000
467     U1117   MUX21X1   0.000000          0  0.500000  0.500000
465     U1115   MUX21X1   0.000000          0  0.500000  0.500000
462     U1112   MUX21X1   0.000000          0  0.500000  0.500000
461     U1111    OA21X1   0.000000          0  0.218750  0.218750
460     U1110   MUX21X1   0.000000          0  0.500000  0.500000
459     U1109    OA21X1   0.000000          0  0.218750  0.218750
458     U1108   MUX21X1   0.000000          0  0.500000  0.500000
457     U1107    OA21X1   0.000000          0  0.218750  0.218750
456     U1106   MUX21X1   0.000000          0  0.500000  0.500000
455     U1105    OA21X1   0.000000          0  0.218750  0.218750
454     U1104   MUX21X1   0.000000          0  0.500000  0.500000
453     U1103     INVX0   0.000000          0  1.000000  1.000000
452     U1102     INVX0   0.000000          0  1.000000  1.000000
471     U1121   NAND2X0   0.000000          0  0.500000  0.500000
472     U1122   NAND2X0   0.000000          0  0.500000  0.500000
473     U1123   NAND2X0   0.000000          0  0.500000  0.500000
482     U1132     INVX0   0.000000          0  1.000000  1.000000
488     U1138     INVX0   0.000000          0  1.000000  1.000000
487     U1137     INVX0   0.000000          0  1.000000  1.000000
486     U1136     INVX0   0.000000          0  1.000000  1.000000
485     U1135     INVX0   0.000000          0  1.000000  1.000000
484     U1134     INVX0   0.000000          0  1.000000  1.000000
483     U1133    NOR2X0   0.000000          0  0.500000  0.500000
481     U1131     INVX0   0.000000          0  1.000000  1.000000
474     U1124     INVX0   0.000000          0  1.000000  1.000000
480     U1130     INVX0   0.000000          0  1.000000  1.000000
479     U1129    AND2X1   0.000000          0  0.500000  0.500000
478     U1128     INVX0   0.000000          0  1.000000  1.000000
477     U1127     INVX0   0.000000          0  1.000000  1.000000
476     U1126     INVX0   0.000000          0  1.000000  1.000000
475     U1125    NOR2X0   0.000000          0  0.500000  0.500000
451     U1101   MUX21X1   0.000000          0  0.500000  0.500000
450     U1100   MUX21X1   0.000000          0  0.500000  0.500000
449     U1099     INVX0   0.000000          0  1.000000  1.000000
420     U1070     INVX0   0.000000          0  0.500000  0.500000
427     U1077     INVX0   0.000000          0  1.000000  1.000000
426     U1076   MUX41X1   0.000000          0  0.333333  0.333333
425     U1075     OR3X1   0.000000          0  0.116071  0.116071
424     U1074   MUX41X1   0.000000          0  0.333333  0.333333
423     U1073   MUX41X1   0.000000          0  0.333333  0.333333
421     U1071   MUX21X1   0.000000          0  0.500000  0.500000
419     U1069   NAND2X0   0.000000          0  0.500000  0.500000
429     U1079   MUX41X1   0.000000          0  0.333333  0.333333
418     U1068   XNOR2X1   0.000000          0  0.666667  0.666667
416     U1066   MUX21X1   0.000000          0  0.500000  0.500000
415     U1065   XNOR2X1   0.000000          0  0.625000  0.625000
413     U1063   MUX21X1   0.000000          0  0.500000  0.500000
412     U1062   NAND2X0   0.000000          0  0.312500  0.312500
411     U1061    OA21X1   0.000000          0  0.625000  0.625000
428     U1078   MUX41X1   0.000000          0  0.333333  0.333333
430     U1080     OR4X1   0.000000          0  0.125000  0.125000
448     U1098     INVX0   0.000000          0  1.000000  1.000000
440     U1090   MUX41X1   0.000000          0  0.333333  0.333333
447     U1097     INVX0   0.000000          0  1.000000  1.000000
446     U1096   MUX41X1   0.000000          0  0.333333  0.333333
445     U1095     OR4X1   0.000000          0  0.079327  0.079327
444     U1094   MUX41X1   0.000000          0  0.333333  0.333333
443     U1093   MUX41X1   0.000000          0  0.333333  0.333333
441     U1091     OR3X1   0.000000          0  0.133523  0.133523
439     U1089   MUX41X1   0.000000          0  0.333333  0.333333
431     U1081   MUX41X1   0.000000          0  0.333333  0.333333
437     U1087   MUX41X1   0.000000          0  0.333333  0.333333
436     U1086     INVX0   0.000000          0  1.000000  1.000000
435     U1085   MUX41X1   0.000000          0  0.333333  0.333333
434     U1084     INVX0   0.000000          0  1.000000  1.000000
433     U1083   MUX41X1   0.000000          0  0.333333  0.333333
432     U1082     INVX0   0.000000          0  1.000000  1.000000
442     U1092   MUX21X1   0.000000          0  0.500000  0.500000
245      U895    XOR2X1   0.000000          0  0.500000  0.500000
364     U1014   MUX21X1   0.000000          0  0.500000  0.500000
276      U926    NOR2X0   0.000000          0  0.500000  0.500000
193      U843    AND3X1   0.000000          0  0.250000  0.250000
194      U844     INVX0   0.000000          0  1.000000  1.000000
195      U845    AND3X1   0.000000          0  0.250000  0.250000
196      U846     INVX0   0.000000          0  1.000000  1.000000
197      U847    AND3X1   0.000000          0  0.250000  0.250000
200      U850    AND3X1   0.000000          0  0.250000  0.250000
201      U851    AND3X1   0.000000          0  0.250000  0.250000
202      U852     INVX0   0.000000          0  1.000000  1.000000
363     U1013     INVX0   0.000000          0  0.500000  0.500000
204      U854     INVX0   0.000000          0  1.000000  1.000000
205      U855    AND3X1   0.000000          0  0.250000  0.250000
241      U891   XNOR2X1   0.000000          0  0.625000  0.625000
242      U892   XNOR2X1   0.000000          0  0.625000  0.625000
243      U893    XOR2X1   0.000000          0  0.500000  0.500000
252      U902   XNOR2X1   0.000000          0  0.625000  0.625000
253      U903   XNOR2X1   0.000000          0  0.625000  0.625000
254      U904   XNOR2X1   0.000000          0  0.500000  0.500000
273      U923    AND2X1   0.000000          0  0.500000  0.500000
274      U924    AND2X1   0.000000          0  0.500000  0.500000
192      U842    AND3X1   0.000000          0  0.250000  0.250000
143      U793     INVX0   0.000000          0  0.500000  0.500000
100      U750   XNOR2X1   0.000000          0  0.428571  0.428571
57       U707   MUX41X1   0.000000          0  0.333333  0.333333
25       U675     INVX0   0.000000          0  1.000000  1.000000
49       U699    XOR2X1   0.000000          0  0.437500  0.437500
50       U700   MUX41X1   0.000000          0  0.333333  0.333333
51       U701   MUX41X1   0.000000          0  0.333333  0.333333
52       U702   MUX41X1   0.000000          0  0.333333  0.333333
53       U703   MUX41X1   0.000000          0  0.333333  0.333333
55       U705    XOR3X1   0.000000          0  0.475000  0.475000
56       U706   MUX41X1   0.000000          0  0.333333  0.333333
58       U708   MUX41X1   0.000000          0  0.333333  0.333333
99       U749     INVX0   0.000000          0  1.000000  1.000000
59       U709   MUX41X1   0.000000          0  0.333333  0.333333
90       U740    XOR2X1   0.000000          0  0.428571  0.428571
91       U741   MUX41X1   0.000000          0  0.333333  0.333333
94       U744   XNOR2X1   0.000000          0  0.416667  0.416667
95       U745   XNOR2X1   0.000000          0  0.416667  0.416667
96       U746   MUX41X1   0.000000          0  0.333333  0.333333
97       U747   MUX41X1   0.000000          0  0.333333  0.333333
98       U748     INVX0   0.000000          0  1.000000  1.000000
275      U925    NOR2X0   0.000000          0  0.500000  0.500000
203      U853    AND3X1   0.000000          0  0.250000  0.250000
277      U927     INVX0   0.000000          0  1.000000  1.000000
350     U1000   XNOR2X1   0.000000          0  1.000000  1.000000
319      U969     INVX0   0.000000          0  1.000000  1.000000
327      U977   NAND2X0   0.000000          0  0.416667  0.416667
329      U979   NAND2X0   0.000000          0  0.312500  0.312500
331      U981     INVX0   0.000000          0  0.500000  0.500000
344      U994   NAND2X0   0.000000          0  0.312500  0.312500
347      U997   XNOR3X1   0.000000          5  1.000000  1.000000
348      U998    XOR3X1   0.000000          1  1.000000  1.000000
349      U999    XOR3X1   0.000000          0  1.000000  1.000000
351     U1001    XOR2X1   0.000000          0  1.000000  1.000000
317      U967    AND2X1   0.000000          0  0.500000  0.500000
352     U1002    XOR2X1   0.000000          0  1.000000  1.000000
353     U1003   XNOR3X1   0.000000          2  1.000000  1.000000
354     U1004    XOR3X1   0.000000          0  1.000000  1.000000
355     U1005    XOR2X1   0.000000          0  1.000000  1.000000
356     U1006    XOR3X1   0.000000          0  1.000000  1.000000
357     U1007    XOR2X1   0.000000          0  1.000000  1.000000
359     U1009   XNOR2X1   0.000000          0  0.625000  0.625000
360     U1010   MUX21X1   0.000000          0  0.500000  0.500000
318      U968    NOR2X0   0.000000          0  0.500000  0.500000
489     U1139    AND2X1   0.000000          0  0.500000  0.500000
296      U946    AND2X1   0.000000          0  0.500000  0.500000
293      U943    AND2X1   0.000000          0  0.500000  0.500000
316      U966     INVX0   0.000000          0  1.000000  1.000000
306      U956    NOR2X0   0.000000          1  0.500000  0.500000
295      U945     INVX0   0.000000          0  1.000000  1.000000
294      U944    NOR2X0   0.000000          0  0.500000  0.500000
307      U957     INVX0   0.000000          0  1.000000  1.000000
292      U942    NOR2X0   0.000000          0  0.500000  0.500000
136      U786   AO222X1  -0.004902          2  0.151042  0.151786
41       U691    AO21X1  -0.035461          6  0.177083  0.183594
314      U964   AO222X1  -0.041667          0  0.239583  0.250000
148      U798   AO222X1  -0.060185          2  0.151042  0.160714
301      U951    NOR2X0  -0.066667          3  0.250000  0.267857
310      U960   AO222X1  -0.073578          1  0.148438  0.160227
321      U971    NOR2X0  -0.095238          2  0.197917  0.218750
311      U961    AO22X1  -0.125000          3  0.437500  0.500000
226      U876     INVX0  -0.130435          2  0.500000  0.575000
308      U958     INVX0  -0.200000          2  0.500000  0.625000
237      U887     INVX0  -0.200000          2  0.500000  0.625000
116      U766    AO22X1  -0.226190          1  0.135417  0.175000
114      U764    AO22X1  -0.226190          1  0.135417  0.175000
112      U762    AO22X1  -0.226190          1  0.135417  0.175000
110      U760    AO22X1  -0.226190          1  0.135417  0.175000
108      U758    AO22X1  -0.226190          1  0.135417  0.175000
106      U756    AO22X1  -0.226190          1  0.135417  0.175000
104      U754    AO22X1  -0.226190          1  0.135417  0.175000
102      U752    AO22X1  -0.226190          1  0.135417  0.175000
6        U656    AO22X1  -0.240000          1  0.237500  0.312500
8        U658    AO22X1  -0.240000          1  0.237500  0.312500
272      U922    AO22X1  -0.240000          1  0.237500  0.312500
122      U772    AO22X1  -0.240000          1  0.237500  0.312500
126      U776    AO22X1  -0.240000          1  0.237500  0.312500
128      U778    AO22X1  -0.240000          1  0.237500  0.312500
189      U839    AO22X1  -0.240000          1  0.237500  0.312500
118      U768    AO22X1  -0.240000          1  0.237500  0.312500
120      U770    AO22X1  -0.240000          1  0.237500  0.312500
187      U837    AO22X1  -0.240000          1  0.237500  0.312500
185      U835    AO22X1  -0.240000          1  0.237500  0.312500
183      U833    AO22X1  -0.240000          1  0.237500  0.312500
132      U782    AO22X1  -0.240000          1  0.237500  0.312500
124      U774    AO22X1  -0.240000          1  0.237500  0.312500
130      U780    AO22X1  -0.240000          1  0.237500  0.312500
304      U954   AO222X1  -0.259615          2  0.151442  0.204545
370     U1020   NAND2X0  -0.263158          3  0.250000  0.339286
395     U1045   NAND2X0  -0.263158          3  0.250000  0.339286
85       U735   NAND2X0  -0.294118          5  0.375000  0.531250
30       U680   XNOR2X1  -0.300000          2  0.450000  0.642857
384     U1034    NOR2X0  -0.333333          1  0.416667  0.625000
410     U1060     INVX0  -0.333333          1  0.416667  0.625000
338      U988     INVX0  -0.333333          1  0.416667  0.625000
342      U992     INVX0  -0.333333          1  0.416667  0.625000
35       U685    NOR2X0  -0.352941          5  0.137500  0.212500
75       U725   NAND2X0  -0.366667          0  0.197917  0.312500
380     U1030   NAND3X0  -0.558442          3  0.075893  0.171875
438     U1088    NOR4X0  -0.804444          7  0.003213  0.016432
422     U1072    NOR4X0  -0.862598         11  0.003360  0.024454

Suspicious wires (mean_diff>1): 30/490
