    GATE_NAME GATE_TYPE  MEAN_DIFF  SIZE_DIFF      LIM2      LIM4
150     U1025     OR4X1        inf         91  0.000031  0.000000
532     U1407    NOR2X0  10.828383         11  0.250000  0.021136
167     U1042     INVX0   9.194690          7  0.500000  0.049045
543     U1418   NAND4X0   6.592323         11  0.055804  0.007350
656     U1531    NOR2X0   6.337580          7  0.500000  0.068142
129     U1004    NOR2X0   6.272727          7  0.250000  0.034375
521     U1396   NAND2X0   6.125000         13  0.237500  0.033333
233     U1108    NOR2X0   5.674723         34  0.312500  0.046818
555     U1430   NAND2X0   5.588235          4  0.250000  0.037946
559     U1434   NAND2X0   3.931507          5  0.312500  0.063368
131     U1006   NAND2X0   3.675325          5  0.312500  0.066840
511     U1386    NOR2X0   3.349515         10  0.125000  0.028739
127     U1002     INVX0   3.155844          7  0.250000  0.060156
189     U1064     OR4X1   3.084252         26  0.072917  0.017853
556     U1431    AND2X1   3.000000          2  0.500000  0.125000
181     U1056     INVX0   2.891892          6  0.250000  0.064236
187     U1062    AO22X1   2.739502         26  0.223214  0.059691
183     U1058    AO21X1   2.470671         36  0.177344  0.051098
207     U1082    AND2X1   2.226351         23  0.214844  0.066590
536     U1411    AO21X1   2.079676         14  0.118304  0.038414
493     U1368   XNOR2X1   1.973094         12  0.750000  0.252263
139     U1014    OA21X1   1.936902          9  0.500000  0.170247
42       U917   XNOR2X1   1.921162          8  1.000000  0.342330
544     U1419    AO21X1   1.918567         10  0.375000  0.128488
223     U1098    OA21X1   1.859872         23  0.230469  0.080587
545     U1420   NAND2X0   1.855108         13  0.312500  0.109453
142     U1017     INVX0   1.844444          6  1.000000  0.351562
165     U1040   XNOR2X1   1.827405         13  0.666667  0.235788
500     U1375    AO21X1   1.787979         13  0.291667  0.104616
476     U1351    OA21X1   1.702495          8  0.500000  0.185014
287     U1162   XNOR3X1   1.666667          3  1.000000  0.375000
94       U969   XNOR3X1   1.582960          5  1.000000  0.387153
178     U1053   XNOR2X1   1.462449         10  0.666667  0.270733
147     U1022   XNOR2X1   1.452555         10  0.750000  0.305804
102      U977    OA21X1   1.424242          7  0.500000  0.206250
173     U1048   NAND2X0   1.404372          8  0.416667  0.173295
105      U980     INVX0   1.388060          8  1.000000  0.418750
140     U1015     INVX0   1.381395          8  0.375000  0.157471
118      U993   NAND2X0   1.359882          7  0.416667  0.176563
678     U1553     INVX0   1.341463          4  1.000000  0.427083
693     U1568     INVX0   1.341463          4  1.000000  0.427083
502     U1377     INVX0   1.341463          4  1.000000  0.427083
557     U1432     INVX0   1.333333          5  0.500000  0.214286
605     U1480     INVX0   1.304000          8  0.375000  0.162760
124      U999   XNOR2X1   1.299136         10  0.666667  0.289964
505     U1380     INVX0   1.285714          4  0.500000  0.218750
684     U1559     INVX0   1.285714          4  0.500000  0.218750
103      U978     INVX0   1.284083          7  0.416667  0.182422
522     U1397    AO22X1   1.264150         13  0.245536  0.108445
184     U1059   OAI21X1   1.255400         26  0.136174  0.060377
237     U1112    OA21X1   1.246718         26  0.136174  0.060610
538     U1413    NOR2X0   1.240000          5  0.500000  0.223214
566     U1441     INVX0   1.240000          5  0.500000  0.223214
90       U965   XNOR2X1   1.239000          9  0.700000  0.312640
44       U919   XNOR3X1   1.226087          3  0.800000  0.359375
111      U986    AO21X1   1.221880         10  0.270833  0.121894
282     U1157    XOR2X1   1.219653          6  1.000000  0.450521
172     U1047   XNOR2X1   1.212031         10  0.666667  0.301382
63       U938   XNOR3X1   1.208937          9  0.800000  0.362165
39       U914    OA21X1   1.195122          5  0.312500  0.142361
15       U890    XOR2X1   1.169668         11  1.000000  0.460900
234     U1109     INVX0   1.110827         12  0.262500  0.124359
50       U925    XOR2X1   1.080000          7  1.000000  0.480769
61       U936   XNOR2X1   1.072803          9  0.562500  0.271372
110      U985   MUX21X1   1.067695         11  0.437500  0.211588
251     U1126  OAI221X1   1.054457         19  0.125340  0.061009
71       U946   XNOR3X1   1.045113          6  0.708333  0.346354
149     U1024    XOR2X1   1.012903          7  0.650000  0.322917
95       U970   XNOR2X1   1.012579          2  0.416667  0.207031
477     U1352     INVX0   1.000000          6  0.375000  0.187500
338     U1213   XNOR2X1   1.000000          3  1.000000  0.500000
81       U956     INVX0   1.000000          2  0.500000  0.250000
108      U983    NOR2X0   1.000000          6  1.000000  0.500000
160     U1035   XNOR2X1   0.988166         10  0.562500  0.282924
157     U1032   AOI21X1   0.985914          8  0.238839  0.120267
533     U1408   NAND2X0   0.985316          7  0.135417  0.068209
534     U1409    AO22X1   0.982976          7  0.291667  0.147085
174     U1049   XNOR2X1   0.971564          9  0.562500  0.285306
482     U1357    XOR2X1   0.967647         11  0.416667  0.211759
112      U987    XOR2X1   0.967213          6  0.750000  0.381250
137     U1012   XNOR2X1   0.966206          7  0.666667  0.339062
228     U1103     OR2X1   0.923497          7  0.250000  0.129972
89       U964   XNOR3X1   0.922794         12  1.000000  0.520076
146     U1021   MUX21X1   0.919481         12  0.392857  0.204668
117      U992   XNOR2X1   0.915646          8  0.666667  0.348011
92       U967    XOR2X1   0.914530          8  1.000000  0.522321
76       U951    XOR3X1   0.903571          8  0.875000  0.459662
56       U931   XNOR2X1   0.893491          5  0.500000  0.264062
93       U968   XNOR3X1   0.892174          6  0.708333  0.374349
34       U909    XOR3X1   0.870269          9  0.875000  0.467847
28       U903   XNOR2X1   0.867925          7  0.562500  0.301136
57       U932   MUX21X1   0.849875          7  0.260417  0.140775
498     U1373   NAND3X0   0.841727          6  0.250000  0.135742
163     U1038     OR2X1   0.828571          5  0.250000  0.136719
130     U1005     INVX0   0.818182          3  0.500000  0.275000
667     U1542     INVX0   0.818182          3  0.500000  0.275000
448     U1323   XNOR2X1   0.818182          1  0.500000  0.275000
468     U1343    XOR2X1   0.818182          1  0.500000  0.275000
601     U1476     INVX0   0.818182          3  0.500000  0.275000
310     U1185   XNOR2X1   0.818182          1  0.500000  0.275000
255     U1130   OA221X1   0.807795         13  0.165302  0.091438
219     U1094     OR2X1   0.806452          4  0.250000  0.138393
246     U1121     OR2X1   0.806452          4  0.250000  0.138393
212     U1087     OR2X1   0.806047          7  0.262500  0.145345
195     U1070     OR2X1   0.803096          8  0.262500  0.145583
83       U958   XNOR3X1   0.798631         12  0.805556  0.447871
506     U1381    OA21X1   0.792531          5  0.375000  0.209201
705     U1580    NOR2X0   0.777778          2  1.000000  0.562500
535     U1410   NAND2X0   0.771375         13  0.187500  0.105850
208     U1083   AO221X1   0.770947         19  0.115526  0.065234
114      U989   XNOR2X1   0.764706          6  0.750000  0.425000
47       U922   XNOR3X1   0.764332         10  1.000000  0.566787
185     U1060    XOR2X1   0.763251         11  0.416667  0.236306
356     U1231    XOR2X1   0.758974          9  1.000000  0.568513
59       U934    XOR2X1   0.755293         12  1.000000  0.569706
41       U916   XNOR3X1   0.743590          7  0.708333  0.406250
245     U1120    AO22X1   0.714286          5  0.375000  0.218750
230     U1105    AO21X1   0.714286          5  0.375000  0.218750
260     U1135    AO21X1   0.714286          5  0.375000  0.218750
64       U939    XOR2X1   0.714286          2  0.500000  0.291667
69       U944   XNOR3X1   0.713555         10  0.607143  0.354318
134     U1009    XOR2X1   0.704142          5  0.450000  0.264062
55       U930   AOI21X1   0.702703          3  0.562500  0.330357
296     U1171   XNOR3X1   0.693174          6  0.805556  0.475767
86       U961   XNOR3X1   0.689441          1  0.607143  0.359375
120      U995   XNOR2X1   0.688699          7  0.562500  0.333097
206     U1081    OA22X1   0.683160         13  0.177202  0.105279
552     U1427   NAND3X0   0.673696         10  0.208333  0.124475
52       U927   XNOR3X1   0.666667          6  0.833333  0.500000
199     U1074    AO22X1   0.661538          5  0.375000  0.225694
443     U1318    XOR3X1   0.656627          3  0.781250  0.471591
197     U1072     OR2X1   0.639024          5  0.262500  0.160156
211     U1086   AOI22X1   0.631373          7  0.291667  0.178786
48       U923    XOR2X1   0.622284          8  0.700000  0.431490
309     U1184   XNOR3X1   0.619048          2  0.708333  0.437500
634     U1509    NOR2X0   0.616162          5  0.416667  0.257812
100      U975   XNOR2X1   0.616162          7  0.666667  0.412500
584     U1459     INVX0   0.609195          4  0.416667  0.258929
68       U943   XNOR3X1   0.604335          8  0.805556  0.502112
35       U910   XNOR3X1   0.600000          3  0.800000  0.500000
539     U1414     INVX0   0.600000          2  1.000000  0.625000
669     U1544    AO21X1   0.600000          2  1.000000  0.625000
563     U1438    NOR2X0   0.600000          2  0.500000  0.312500
664     U1539    NOR2X0   0.600000          2  0.500000  0.312500
549     U1424     INVX0   0.600000          2  0.500000  0.312500
638     U1513     INVX0   0.600000          2  0.500000  0.312500
598     U1473    NOR2X0   0.600000          2  0.500000  0.312500
597     U1472   AOI21X1   0.600000          2  1.000000  0.625000
630     U1505     INVX0   0.600000          2  1.000000  0.625000
645     U1520     INVX0   0.600000          2  0.500000  0.312500
609     U1484     INVX0   0.600000          2  0.500000  0.312500
577     U1452     INVX0   0.600000          2  1.000000  0.625000
574     U1449    NOR2X0   0.600000          2  0.500000  0.312500
573     U1448    AO21X1   0.600000          2  1.000000  0.625000
654     U1529    NOR2X0   0.600000          2  1.000000  0.625000
400     U1275   XNOR2X1   0.600000          2  1.000000  0.625000
613     U1488    AO21X1   0.600000          2  1.000000  0.625000
655     U1530    AND2X1   0.600000          2  0.500000  0.312500
614     U1489    NOR2X0   0.600000          2  0.500000  0.312500
603     U1478    NOR2X0   0.600000          2  1.000000  0.625000
562     U1437    AO21X1   0.600000          2  1.000000  0.625000
660     U1535    AO21X1   0.600000          2  1.000000  0.625000
661     U1536    NOR2X0   0.600000          2  0.500000  0.312500
554     U1429     INVX0   0.600000          2  0.500000  0.312500
670     U1545    NOR2X0   0.600000          2  0.500000  0.312500
621     U1496    AO21X1   0.600000          2  1.000000  0.625000
508     U1383     INVX0   0.600000          2  0.500000  0.312500
622     U1497    NOR2X0   0.600000          2  0.500000  0.312500
497     U1372     INVX0   0.600000          2  0.500000  0.312500
531     U1406     INVX0   0.600000          2  0.500000  0.312500
8        U883    XOR3X1   0.598071          9  0.611111  0.382406
77       U952   XNOR3X1   0.594883          4  0.607143  0.380682
397     U1272    XOR3X1   0.588981         11  0.833333  0.524445
421     U1296   XNOR3X1   0.587770         11  0.833333  0.524845
450     U1325    XOR3X1   0.585475         11  0.833333  0.525605
489     U1364   XNOR2X1   0.584000          7  0.562500  0.355114
551     U1426    AO22X1   0.583126          7  0.205078  0.129540
40       U915   XNOR3X1   0.582428         10  0.805556  0.509063
159     U1034    AND2X1   0.581176          7  0.262500  0.166016
528     U1403     OR3X1   0.577326          8  0.208333  0.132080
101      U976   XNOR2X1   0.575758          5  0.650000  0.412500
494     U1369   NAND2X0   0.574248          7  0.180804  0.114851
262     U1137   NAND4X0   0.565378          8  0.041667  0.026618
480     U1355    NOR2X0   0.555556          4  0.416667  0.267857
17       U892   XNOR2X1   0.555556          4  0.666667  0.428571
85       U960   XNOR2X1   0.555556          1  0.583333  0.375000
133     U1008   XNOR2X1   0.555140          8  0.450000  0.289363
218     U1093    AO22X1   0.548387          4  0.375000  0.242188
104      U979   MUX21X1   0.541063         12  0.270833  0.175744
119      U994     INVX0   0.538462          3  0.416667  0.270833
499     U1374   NAND2X0   0.532060          9  0.187500  0.122384
243     U1118     OR2X1   0.527273          3  0.262500  0.171875
216     U1091     OR2X1   0.527273          3  0.262500  0.171875
143     U1018    XOR2X1   0.525424          6  0.562500  0.368750
273     U1148    AND2X1   0.522769          5  0.197917  0.129972
141     U1016   MUX21X1   0.518847         12  0.330357  0.217505
238     U1113    AO22X1   0.513514          6  0.291667  0.192708
241     U1116     OR2X1   0.513514          5  0.262500  0.173437
239     U1114     OR2X1   0.513514          5  0.262500  0.173437
214     U1089     OR2X1   0.513514          5  0.262500  0.173437
458     U1333    XOR3X1   0.511478         10  0.833333  0.551337
355     U1230   NAND4X0   0.510247         42  0.125000  0.082768
442     U1317   NAND4X0   0.509699         37  0.125000  0.082798
316     U1191   XNOR3X1   0.508986         10  0.833333  0.552247
501     U1376   OAI22X1   0.505744          6  0.214844  0.142683
376     U1251    XOR3X1   0.504912         10  0.833333  0.553742
466     U1341    XOR3X1   0.503645          8  0.805556  0.535735
60       U935   XNOR3X1   0.503448          7  0.562500  0.374140
254     U1129   OA221X1   0.500571         15  0.092756  0.061814
411     U1286   XNOR3X1   0.500000          3  0.750000  0.500000
456     U1331   XNOR3X1   0.500000          3  0.750000  0.500000
469     U1344   XNOR3X1   0.500000          5  0.750000  0.500000
337     U1212   XNOR3X1   0.500000          3  0.750000  0.500000
326     U1201   XNOR3X1   0.500000          3  0.750000  0.500000
378     U1253   XNOR3X1   0.500000          3  0.750000  0.500000
259     U1134     OR2X1   0.488372          4  0.250000  0.167969
84       U959   XNOR3X1   0.481175          6  0.590278  0.398520
186     U1061   XNOR2X1   0.478992          6  0.500000  0.338068
33       U908   XNOR3X1   0.478823         13  0.750000  0.507160
75       U950   XNOR3X1   0.477067         12  0.750000  0.507763
205     U1080    AND2X1   0.468638          5  0.234375  0.159587
179     U1054    NOR2X0   0.468139          7  0.180804  0.123152
263     U1138   NAND3X0   0.466004          9  0.102865  0.070167
271     U1146    AND2X1   0.457143          3  0.227679  0.156250
170     U1045   XNOR2X1   0.451613          6  0.562500  0.387500
585     U1460    OA21X1   0.448276          3  0.375000  0.258929
529     U1404    AO21X1   0.448276          3  0.375000  0.258929
608     U1483    AO21X1   0.448276          3  0.375000  0.258929
138     U1013   XNOR2X1   0.445783          6  0.562500  0.389062
73       U948    XOR2X1   0.437351         31  0.500000  0.347862
158     U1033   XNOR2X1   0.430372          8  0.450000  0.314603
335     U1210    XOR3X1   0.430192          9  0.833333  0.582672
581     U1456     INVX0   0.428571          3  0.500000  0.350000
51       U926   XNOR3X1   0.428571          3  0.416667  0.291667
9        U884    XOR3X1   0.417335          5  0.805556  0.568359
148     U1023    NOR2X0   0.411765          5  0.262500  0.185938
699     U1574     INVX0   0.411765          4  0.500000  0.354167
191     U1066    AO21X1   0.411383         14  0.117320  0.083124
115      U990   XNOR2X1   0.406250          6  0.562500  0.400000
171     U1046   AOI21X1   0.400218          5  0.238839  0.170573
582     U1457   NAND2X0   0.400000          3  0.375000  0.267857
6        U881    XOR2X1   0.397486         28  0.500000  0.357785
606     U1481    AO22X1   0.397196          5  0.224609  0.160757
14       U889    OA21X1   0.386393          4  0.175781  0.126790
483     U1358    OA21X1   0.382394         11  0.136719  0.098900
281     U1156   NAND4X0   0.379270         36  0.125000  0.090628
227     U1102   AOI22X1   0.376471          4  0.325000  0.236111
27       U902    XOR3X1   0.363636          4  0.781250  0.572917
298     U1173   XNOR3X1   0.363636          4  0.750000  0.550000
144     U1019   AOI21X1   0.355932          3  0.312500  0.230469
23       U898    XOR2X1   0.355852          7  0.458333  0.338041
196     U1071    AO22X1   0.354839          3  0.291667  0.215278
523     U1398    AO21X1   0.354215         11  0.147135  0.108650
537     U1412   NAND2X0   0.353846          3  0.137500  0.101562
636     U1511    AO22X1   0.351724          2  0.350000  0.258929
22       U897    XOR3X1   0.344493          8  0.562500  0.418373
194     U1069   AOI22X1   0.340314          4  0.250000  0.186523
258     U1133   AO221X1   0.338600          5  0.204861  0.153041
67       U942    NOR2X0   0.333333          1  0.416667  0.312500
53       U928   NAND2X0   0.333333          1  0.416667  0.312500
722     U1597    NOR3X0   0.333333          1  0.250000  0.187500
723     U1598    AND3X1   0.333333          1  0.250000  0.187500
70       U945   XNOR2X1   0.329188          7  0.385417  0.289964
156     U1031   XNOR2X1   0.328225          7  0.416667  0.313702
202     U1077   OA221X1   0.327610          7  0.148054  0.111519
517     U1392    OA21X1   0.317073          2  0.562500  0.427083
701     U1576    OA21X1   0.317073          2  0.562500  0.427083
166     U1041   NAND2X0   0.314168          8  0.156250  0.118896
474     U1349   XNOR2X1   0.313131          7  0.416667  0.317308
116      U991   AOI21X1   0.313131          4  0.270833  0.206250
21       U896   MUX21X1   0.302572         15  0.375000  0.287892
46       U921   MUX21X1   0.300768         18  0.406250  0.312315
487     U1362   XNOR2X1   0.289552          7  0.450000  0.348958
398     U1273   XNOR3X1   0.285714          4  0.642857  0.500000
459     U1334   XNOR3X1   0.285714          4  0.642857  0.500000
317     U1192   XNOR3X1   0.285714          4  0.642857  0.500000
464     U1339    XOR3X1   0.285714          2  0.642857  0.500000
386     U1261   XNOR3X1   0.285714          4  0.642857  0.500000
451     U1326   XNOR3X1   0.285714          4  0.642857  0.500000
364     U1239   XNOR3X1   0.285714          4  0.642857  0.500000
433     U1308    XOR3X1   0.285714          2  0.642857  0.500000
346     U1221   XNOR3X1   0.285714          4  0.642857  0.500000
422     U1297   XNOR3X1   0.285714          4  0.642857  0.500000
162     U1037    AND3X1   0.273201          4  0.247768  0.194602
266     U1141    AO21X1   0.270588          3  0.281250  0.221354
261     U1136    OA22X1   0.270588          3  0.281250  0.221354
125     U1000    NOR2X0   0.263774          5  0.180804  0.143066
491     U1366   NAND3X0   0.258065          3  0.270833  0.215278
31       U906    XOR2X1   0.255808         28  0.500000  0.398150
135     U1010   AOI21X1   0.252630          6  0.176339  0.140775
423     U1298   MUX21X1   0.250000          1  0.625000  0.500000
460     U1335   MUX21X1   0.250000          1  0.625000  0.500000
406     U1281   XNOR2X1   0.250000          1  0.625000  0.500000
371     U1246   XNOR2X1   0.250000          1  0.625000  0.500000
318     U1193   MUX21X1   0.250000          1  0.625000  0.500000
463     U1338   XNOR2X1   0.250000          1  0.625000  0.500000
327     U1202   XNOR2X1   0.250000          1  0.625000  0.500000
452     U1327   MUX21X1   0.250000          1  0.625000  0.500000
470     U1345   MUX21X1   0.250000          1  0.625000  0.500000
387     U1262   MUX21X1   0.250000          1  0.625000  0.500000
347     U1222   MUX21X1   0.250000          1  0.625000  0.500000
365     U1240   MUX21X1   0.250000          1  0.625000  0.500000
392     U1267   XNOR2X1   0.250000          1  0.625000  0.500000
473     U1348   XNOR2X1   0.250000          1  0.625000  0.500000
302     U1177   MUX21X1   0.250000          1  0.625000  0.500000
299     U1174   XNOR2X1   0.250000          3  0.625000  0.500000
18       U893    NOR2X0   0.250000          1  0.312500  0.250000
43       U918     INVX0   0.244444          3  0.262500  0.210938
270     U1145    OA22X1   0.242009          3  0.236111  0.190104
62       U937    OA21X1   0.240602          3  0.175781  0.141690
272     U1147    OA22X1   0.239437          3  0.250000  0.201705
215     U1090    AO22X1   0.235294          3  0.291667  0.236111
242     U1117    AO22X1   0.235294          3  0.291667  0.236111
49       U924   MUX21X1   0.229557          7  0.375000  0.304988
274     U1149    OA21X1   0.224490          2  0.267857  0.218750
213     U1088    AO22X1   0.222222          3  0.250000  0.204545
240     U1115    AO22X1   0.222222          3  0.250000  0.204545
222     U1097   OA221X1   0.218343         13  0.115967  0.095184
200     U1075     OR2X1   0.217391          4  0.250000  0.205357
478     U1353   MUX21X1   0.206439          8  0.291016  0.241219
122      U997    AND3X1   0.200000          3  0.270833  0.225694
709     U1584     INVX0   0.200000          1  0.500000  0.416667
2        U877    NOR2X1   0.200000          1  0.500000  0.416667
235     U1110   OA221X1   0.198010          4  0.151104  0.126129
192     U1067    OA22X1   0.194653          3  0.214844  0.179838
527     U1402    AO22X1   0.193436          4  0.195312  0.163656
16       U891   XNOR3X1   0.190969          4  0.456250  0.383092
224     U1099     OR2X1   0.190476          0  0.260417  0.218750
515     U1390    NOR2X0   0.190476          1  0.312500  0.262500
518     U1393   NAND2X0   0.190476          1  0.312500  0.262500
707     U1582    NOR2X0   0.190476          1  0.312500  0.262500
691     U1566    NOR2X0   0.190476          1  0.312500  0.262500
685     U1560   NAND2X0   0.190476          1  0.312500  0.262500
265     U1140  AOI221X1   0.188787          8  0.148438  0.124865
583     U1458   NAND2X0   0.185185          4  0.250000  0.210938
203     U1078    OA22X1   0.184735          1  0.232422  0.196181
58       U933   MUX21X1   0.174046         21  0.368056  0.313493
288     U1163   XNOR2X1   0.166667          1  0.437500  0.375000
91       U966   MUX21X1   0.161525          6  0.416667  0.358724
209     U1084   OA221X1   0.156563          4  0.173340  0.149875
278     U1153   OA221X1   0.155203          4  0.137957  0.119422
447     U1322    XOR3X1   0.142857          2  0.500000  0.437500
467     U1342    XOR3X1   0.142857          2  0.500000  0.437500
54       U929    XOR2X1   0.141928         19  0.458333  0.401368
524     U1399    AO21X1   0.140725          3  0.238839  0.209375
504     U1379    OA21X1   0.138983          3  0.262500  0.230469
220     U1095   NAND2X0   0.136364          1  0.312500  0.275000
7        U882   MUX21X1   0.134514         17  0.500000  0.440717
256     U1131   NAND4X0   0.131632          5  0.152550  0.134806
210     U1085    AND2X1   0.128920          5  0.180804  0.160156
485     U1360   XNOR2X1   0.125000          3  0.562500  0.500000
694     U1569    XOR2X1   0.125000          1  0.562500  0.500000
679     U1554    XOR2X1   0.125000          1  0.562500  0.500000
514     U1389    AO21X1   0.125000          1  0.562500  0.500000
19       U894   XNOR3X1   0.125000          3  0.562500  0.500000
696     U1571   XNOR2X1   0.125000          1  0.562500  0.500000
509     U1384    XOR2X1   0.125000          1  0.562500  0.500000
690     U1565    AO21X1   0.125000          1  0.562500  0.500000
294     U1169     INVX0   0.111111          1  0.416667  0.375000
657     U1532     INVX0   0.111111          1  0.416667  0.375000
313     U1188     INVX0   0.111111          1  0.416667  0.375000
292     U1167     INVX0   0.111111          1  0.416667  0.375000
289     U1164     INVX0   0.111111          1  0.416667  0.375000
36       U911   NAND2X0   0.111111          1  0.416667  0.375000
611     U1486    AO21X1   0.110345          2  0.287500  0.258929
658     U1533    AO21X1   0.110345          2  0.287500  0.258929
113      U988   NAND2X0   0.107692          5  0.250000  0.225694
10       U885   XNOR3X1   0.105023          5  0.458333  0.414773
26       U901    XOR2X1   0.098305          4  0.450000  0.409722
479     U1354   XNOR2X1   0.098305          4  0.450000  0.409722
132     U1007    XOR2X1   0.090909          5  0.450000  0.412500
11       U886     OR2X1   0.087379          3  0.250000  0.229911
176     U1051    AND3X1   0.083333          2  0.270833  0.250000
225     U1100    AO22X1   0.079365          1  0.236111  0.218750
475     U1350    XOR2X1   0.078431          5  0.416667  0.386364
488     U1363    NOR2X0   0.069091          2  0.262500  0.245536
720     U1595    XOR2X1   0.066667          1  0.666667  0.625000
20       U895   XNOR2X1   0.066667          4  0.333333  0.312500
193     U1068    AND2X1   0.060714          4  0.180804  0.170455
560     U1435    AO21X1   0.056604          2  0.218750  0.207031
686     U1561    NOR2X0   0.052632          1  0.250000  0.237500
706     U1581    AND2X1   0.052632          1  0.250000  0.237500
226     U1101     OR2X1   0.051948          2  0.200893  0.190972
107      U982    NOR2X0   0.050000          1  0.281250  0.267857
481     U1356    OA21X1   0.050000          3  0.562500  0.535714
25       U900   XNOR2X1   0.041667          4  0.416667  0.400000
180     U1055   AO221X1   0.039067          4  0.180804  0.174006
126     U1001   AO221X1   0.039067          4  0.180804  0.174006
106      U981    XOR2X1   0.012500          4  0.450000  0.444444
546     U1421   NAND3X0   0.011789         10  0.049045  0.048474
88       U963   MUX21X1   0.010254         16  0.354167  0.350572
715     U1590   NAND2X0   0.000000          0  0.666667  0.666667
710     U1585     INVX0   0.000000          0  0.500000  0.500000
704     U1579     INVX0   0.000000          0  1.000000  1.000000
716     U1591   NAND3X0   0.000000          0  0.250000  0.250000
688     U1563     INVX0   0.000000          0  1.000000  1.000000
708     U1583    OA21X1   0.000000          0  0.416667  0.416667
717     U1592    AO21X1   0.000000          0  0.416667  0.416667
526     U1401     INVX0   0.000000          0  1.000000  1.000000
711     U1586     INVX0   0.000000          0  1.000000  1.000000
520     U1395     INVX0   0.000000          0  1.000000  1.000000
719     U1594     INVX0   0.000000          0  1.000000  1.000000
713     U1588   NAND2X0   0.000000          0  0.666667  0.666667
724     U1599     INVX0   0.000000          0  0.500000  0.500000
721     U1596    NOR2X0   0.000000          0  0.375000  0.375000
697     U1572     INVX0   0.000000          0  1.000000  1.000000
714     U1589   NAND3X0   0.000000          0  0.250000  0.250000
718     U1593    AO21X1   0.000000          0  0.416667  0.416667
623     U1498     INVX0   0.000000          0  0.500000  0.500000
680     U1555     INVX0   0.000000          0  1.000000  1.000000
642     U1517     INVX0   0.000000          0  1.000000  1.000000
588     U1463   MUX21X1   0.000000          0  0.500000  0.500000
589     U1464   OAI21X1   0.000000          0  0.625000  0.625000
590     U1465   NAND2X0   0.000000          0  0.312500  0.312500
591     U1466   MUX21X1   0.000000          0  0.500000  0.500000
592     U1467     INVX0   0.000000          0  1.000000  1.000000
593     U1468    OA21X1   0.000000          0  0.625000  0.625000
594     U1469   NAND2X0   0.000000          0  0.312500  0.312500
641     U1516   MUX21X1   0.000000          0  0.500000  0.500000
595     U1470   MUX21X1   0.000000          0  0.500000  0.500000
596     U1471     INVX0   0.000000          0  1.000000  1.000000
640     U1515     INVX0   0.000000          0  1.000000  1.000000
639     U1514   NAND2X0   0.000000          0  0.312500  0.312500
599     U1474     INVX0   0.000000          0  0.500000  0.500000
600     U1475   MUX21X1   0.000000          0  0.500000  0.500000
637     U1512    XOR2X1   0.000000          0  0.625000  0.625000
633     U1508   MUX21X1   0.000000          0  0.500000  0.500000
632     U1507     INVX0   0.000000          0  1.000000  1.000000
604     U1479    NOR2X0   0.000000          0  0.312500  0.312500
631     U1506    XOR2X1   0.000000          0  0.625000  0.625000
629     U1504     INVX0   0.000000          0  1.000000  1.000000
628     U1503   MUX21X1   0.000000          0  0.500000  0.500000
627     U1502   NAND2X0   0.000000          0  0.312500  0.312500
615     U1490     INVX0   0.000000          0  0.500000  0.500000
616     U1491   MUX21X1   0.000000          0  0.500000  0.500000
626     U1501    OA21X1   0.000000          0  0.625000  0.625000
624     U1499   MUX21X1   0.000000          0  0.500000  0.500000
617     U1492    AND2X1   0.000000          0  0.312500  0.312500
618     U1493     INVX0   0.000000          0  1.000000  1.000000
619     U1494   MUX21X1   0.000000          0  0.500000  0.500000
587     U1462     INVX0   0.000000          0  1.000000  1.000000
586     U1461   NAND2X0   0.000000          0  0.312500  0.312500
677     U1552     INVX0   0.000000          0  1.000000  1.000000
643     U1518   MUX21X1   0.000000          0  0.500000  0.500000
676     U1551   MUX21X1   0.000000          0  0.500000  0.500000
675     U1550   NAND2X0   0.000000          0  0.312500  0.312500
674     U1549    OA21X1   0.000000          0  0.625000  0.625000
672     U1547   MUX21X1   0.000000          0  0.500000  0.500000
671     U1546     INVX0   0.000000          0  0.500000  0.500000
666     U1541   MUX21X1   0.000000          0  0.500000  0.500000
542     U1417    NOR2X0   0.000000          0  0.312500  0.312500
665     U1540     INVX0   0.000000          0  0.500000  0.500000
550     U1425    NOR2X0   0.000000          0  0.312500  0.312500
663     U1538   MUX21X1   0.000000          0  0.500000  0.500000
662     U1537     INVX0   0.000000          0  0.500000  0.500000
564     U1439     INVX0   0.000000          0  0.500000  0.500000
565     U1440   MUX21X1   0.000000          0  0.500000  0.500000
568     U1443    OA21X1   0.000000          0  0.625000  0.625000
569     U1444   NAND2X0   0.000000          0  0.312500  0.312500
570     U1445   MUX21X1   0.000000          0  0.500000  0.500000
571     U1446     INVX0   0.000000          0  1.000000  1.000000
651     U1526   MUX21X1   0.000000          0  0.500000  0.500000
650     U1525     INVX0   0.000000          0  1.000000  1.000000
649     U1524   XNOR2X1   0.000000          0  0.625000  0.625000
575     U1450     INVX0   0.000000          0  0.500000  0.500000
576     U1451   MUX21X1   0.000000          0  0.500000  0.500000
648     U1523   MUX21X1   0.000000          0  0.500000  0.500000
578     U1453    XOR2X1   0.000000          0  0.625000  0.625000
579     U1454     INVX0   0.000000          0  1.000000  1.000000
647     U1522     INVX0   0.000000          0  1.000000  1.000000
580     U1455   MUX21X1   0.000000          0  0.500000  0.500000
646     U1521   NAND2X0   0.000000          0  0.312500  0.312500
644     U1519    OA21X1   0.000000          0  0.625000  0.625000
0        U875     INVX4   0.000000          0  1.000000  1.000000
363     U1238     INVX0   0.000000          0  1.000000  1.000000
472     U1347   XNOR2X1   0.000000          0  0.625000  0.625000
342     U1217   MUX21X1   0.000000          0  0.500000  0.500000
340     U1215   MUX21X1   0.000000          0  0.500000  0.500000
339     U1214     INVX0   0.000000          0  0.500000  0.500000
336     U1211   MUX21X1   0.000000          0  0.500000  0.500000
334     U1209   MUX21X1   0.000000          0  0.500000  0.500000
333     U1208   MUX21X1   0.000000          0  0.500000  0.500000
332     U1207     INVX0   0.000000          0  0.500000  0.500000
331     U1206   MUX21X1   0.000000          0  0.500000  0.500000
330     U1205   MUX21X1   0.000000          0  0.500000  0.500000
471     U1346   XNOR2X1   0.000000          0  0.625000  0.625000
328     U1203     INVX0   0.000000          0  0.500000  0.500000
325     U1200   MUX21X1   0.000000          0  0.500000  0.500000
324     U1199   MUX21X1   0.000000          0  0.500000  0.500000
323     U1198   XNOR2X1   0.000000          0  0.500000  0.500000
322     U1197   MUX21X1   0.000000          0  0.500000  0.500000
321     U1196   MUX21X1   0.000000          0  0.500000  0.500000
320     U1195   XNOR2X1   0.000000          0  0.625000  0.625000
319     U1194   XNOR2X1   0.000000          0  0.625000  0.625000
308     U1183   MUX21X1   0.000000          0  0.500000  0.500000
307     U1182   MUX21X1   0.000000          0  0.500000  0.500000
341     U1216     INVX0   0.000000          0  0.500000  0.500000
343     U1218   MUX21X1   0.000000          0  0.500000  0.500000
372     U1247     INVX0   0.000000          0  0.500000  0.500000
344     U1219     INVX0   0.000000          0  0.500000  0.500000
369     U1244     INVX0   0.000000          0  1.000000  1.000000
368     U1243   MUX21X1   0.000000          0  0.500000  0.500000
367     U1242    XOR2X1   0.000000          0  0.625000  0.625000
366     U1241   XNOR2X1   0.000000          0  0.625000  0.625000
1        U876   NAND2X1   0.000000          0  0.500000  0.500000
362     U1237   MUX21X1   0.000000          0  0.500000  0.500000
361     U1236     INVX0   0.000000          0  1.000000  1.000000
360     U1235   MUX21X1   0.000000          0  0.500000  0.500000
359     U1234     INVX0   0.000000          0  1.000000  1.000000
358     U1233   MUX21X1   0.000000          0  0.500000  0.500000
357     U1232   XNOR3X1   0.000000          0  0.500000  0.500000
354     U1229   MUX21X1   0.000000          0  0.500000  0.500000
353     U1228   MUX21X1   0.000000          0  0.500000  0.500000
352     U1227   XNOR2X1   0.000000          0  0.500000  0.500000
351     U1226   MUX21X1   0.000000          0  0.500000  0.500000
350     U1225   MUX21X1   0.000000          0  0.500000  0.500000
349     U1224   XNOR2X1   0.000000          0  0.625000  0.625000
348     U1223   XNOR2X1   0.000000          0  0.625000  0.625000
345     U1220   MUX21X1   0.000000          0  0.500000  0.500000
306     U1181     INVX0   0.000000          0  0.500000  0.500000
305     U1180   MUX21X1   0.000000          0  0.500000  0.500000
304     U1179    XOR2X1   0.000000          0  0.625000  0.625000
303     U1178    XOR2X1   0.000000          0  0.625000  0.625000
217     U1092     INVX0   0.000000          0  0.500000  0.500000
204     U1079     INVX0   0.000000          0  0.500000  0.500000
201     U1076   NAND2X0   0.000000          0  0.325000  0.325000
198     U1073     INVX0   0.000000          0  0.500000  0.500000
190     U1065     INVX0   0.000000          0  1.000000  1.000000
188     U1063    AO21X1   0.000000          0  0.416667  0.416667
155     U1030   NAND4X0   0.000000          0  0.125000  0.125000
154     U1029   NAND4X0   0.000000          0  0.125000  0.125000
153     U1028   NAND4X0   0.000000          0  0.125000  0.125000
152     U1027   NAND4X0   0.000000          0  0.125000  0.125000
151     U1026     OR4X1   0.000000          0  0.000019  0.000019
136     U1011     INVX0   0.000000          0  0.416667  0.416667
99       U974     INVX0   0.000000          0  1.000000  1.000000
98       U973   NAND2X0   0.000000          0  0.500000  0.500000
97       U972   NAND3X0   0.000000          0  0.250000  0.250000
24       U899   MUX21X1   0.000000          4  0.500000  0.500000
5        U880    AND2X1   0.000000          0  0.500000  0.500000
4        U879     INVX0   0.000000          0  1.000000  1.000000
3        U878     OR2X1   0.000000          0  0.500000  0.500000
221     U1096     INVX0   0.000000          0  0.500000  0.500000
229     U1104     INVX0   0.000000          0  0.500000  0.500000
231     U1106   AOI22X1   0.000000          0  0.221354  0.221354
267     U1142    NOR2X0   0.000000          0  0.275000  0.275000
301     U1176   MUX21X1   0.000000          0  0.500000  0.500000
300     U1175     INVX0   0.000000          0  0.500000  0.500000
291     U1166    NOR3X0   0.000000          1  0.250000  0.250000
277     U1152     INVX0   0.000000          0  0.500000  0.500000
276     U1151   OAI22X1   0.000000          0  0.221354  0.221354
275     U1150    AO22X1   0.000000          0  0.221354  0.221354
269     U1144     INVX0   0.000000          0  0.500000  0.500000
268     U1143     INVX0   0.000000          0  0.500000  0.500000
257     U1132   NAND2X0   0.000000          0  0.275000  0.275000
232     U1107     INVX0   0.000000          0  0.500000  0.500000
253     U1128     INVX0   0.000000          0  0.500000  0.500000
252     U1127    OA22X1   0.000000          0  0.221354  0.221354
250     U1125     INVX0   0.000000          0  0.500000  0.500000
249     U1124     INVX0   0.000000          0  0.500000  0.500000
248     U1123     INVX0   0.000000          0  0.500000  0.500000
247     U1122   NAND2X0   0.000000          0  0.275000  0.275000
244     U1119     INVX0   0.000000          0  0.500000  0.500000
236     U1111    OA22X1   0.000000          0  0.221354  0.221354
370     U1245   MUX21X1   0.000000          0  0.500000  0.500000
329     U1204   MUX21X1   0.000000          0  0.500000  0.500000
373     U1248   MUX21X1   0.000000          0  0.500000  0.500000
432     U1307     INVX0   0.000000          0  1.000000  1.000000
430     U1305   MUX21X1   0.000000          0  0.500000  0.500000
429     U1304    XOR2X1   0.000000          0  0.500000  0.500000
427     U1302     INVX0   0.000000          0  1.000000  1.000000
426     U1301   MUX21X1   0.000000          0  0.500000  0.500000
425     U1300   XNOR2X1   0.000000          0  0.625000  0.625000
424     U1299    XOR2X1   0.000000          0  0.625000  0.625000
420     U1295   MUX21X1   0.000000          0  0.500000  0.500000
419     U1294   MUX21X1   0.000000          0  0.500000  0.500000
418     U1293     INVX0   0.000000          0  1.000000  1.000000
417     U1292   MUX21X1   0.000000          0  0.500000  0.500000
416     U1291     INVX0   0.000000          0  0.500000  0.500000
415     U1290     INVX0   0.000000          0  1.000000  1.000000
414     U1289   MUX21X1   0.000000          0  0.500000  0.500000
413     U1288   MUX21X1   0.000000          0  0.500000  0.500000
412     U1287   XNOR2X1   0.000000          1  0.500000  0.500000
431     U1306   MUX21X1   0.000000          0  0.500000  0.500000
434     U1309   XNOR2X1   0.000000          0  0.500000  0.500000
409     U1284   MUX21X1   0.000000          0  0.500000  0.500000
435     U1310   MUX21X1   0.000000          0  0.500000  0.500000
465     U1340    XOR2X1   0.000000          0  0.500000  0.500000
462     U1337   XNOR2X1   0.000000          0  0.625000  0.625000
461     U1336   XNOR2X1   0.000000          0  0.625000  0.625000
457     U1332   XNOR2X1   0.000000          0  0.500000  0.500000
455     U1330   XNOR2X1   0.000000          0  0.500000  0.500000
454     U1329   XNOR2X1   0.000000          0  0.625000  0.625000
453     U1328   XNOR2X1   0.000000          0  0.625000  0.625000
446     U1321   NAND3X0   0.000000          0  0.250000  0.250000
444     U1319   XNOR2X1   0.000000          0  0.375000  0.375000
441     U1316     INVX0   0.000000          0  1.000000  1.000000
440     U1315   MUX21X1   0.000000          0  0.500000  0.500000
439     U1314   MUX21X1   0.000000          0  0.500000  0.500000
438     U1313   MUX21X1   0.000000          0  0.500000  0.500000
437     U1312     INVX0   0.000000          0  1.000000  1.000000
436     U1311   MUX21X1   0.000000          0  0.500000  0.500000
410     U1285     INVX0   0.000000          0  1.000000  1.000000
428     U1303   MUX21X1   0.000000          0  0.500000  0.500000
725     U1600   MUX21X1   0.000000          0  0.500000  0.500000
388     U1263   XNOR2X1   0.000000          0  0.625000  0.625000
396     U1271     INVX0   0.000000          0  1.000000  1.000000
395     U1270   MUX21X1   0.000000          0  0.500000  0.500000
393     U1268     INVX0   0.000000          0  0.500000  0.500000
391     U1266   MUX21X1   0.000000          0  0.500000  0.500000
390     U1265   MUX21X1   0.000000          0  0.500000  0.500000
389     U1264    XOR2X1   0.000000          0  0.625000  0.625000
385     U1260   MUX21X1   0.000000          0  0.500000  0.500000
401     U1276     INVX0   0.000000          0  0.500000  0.500000
384     U1259     INVX0   0.000000          0  1.000000  1.000000
383     U1258   MUX21X1   0.000000          0  0.500000  0.500000
382     U1257     INVX0   0.000000          0  0.500000  0.500000
379     U1254   XNOR2X1   0.000000          0  0.500000  0.500000
381     U1256   MUX21X1   0.000000          0  0.500000  0.500000
380     U1255   MUX21X1   0.000000          0  0.500000  0.500000
399     U1274   MUX21X1   0.000000          0  0.500000  0.500000
394     U1269   MUX21X1   0.000000          0  0.500000  0.500000
374     U1249   MUX21X1   0.000000          0  0.500000  0.500000
408     U1283   MUX21X1   0.000000          0  0.500000  0.500000
407     U1282     INVX0   0.000000          0  0.500000  0.500000
404     U1279     INVX0   0.000000          0  1.000000  1.000000
403     U1278   MUX21X1   0.000000          0  0.500000  0.500000
375     U1250     INVX0   0.000000          0  1.000000  1.000000
405     U1280   MUX21X1   0.000000          0  0.500000  0.500000
377     U1252   MUX21X1   0.000000          0  0.500000  0.500000
402     U1277   XNOR2X1   0.000000          0  0.625000  0.625000
145     U1020   XNOR2X1  -0.006211          3  0.392857  0.395313
279     U1154    OA22X1  -0.011765          0  0.218750  0.221354
280     U1155   OA222X1  -0.017285          1  0.159831  0.162642
689     U1564     INVX0  -0.024390          3  0.416667  0.427083
513     U1388     INVX0  -0.024390          3  0.416667  0.427083
553     U1428    OA21X1  -0.030769          1  0.262500  0.270833
484     U1359    AO21X1  -0.037323          5  0.177083  0.183949
525     U1400    AO22X1  -0.038462          0  0.260417  0.270833
486     U1361   AOI21X1  -0.041667          0  0.287500  0.300000
702     U1577   NAND2X0  -0.047619          1  0.250000  0.262500
503     U1378    OA21X1  -0.054622          2  0.175781  0.185938
74       U949   MUX21X1  -0.063249         20  0.375000  0.400320
66       U941   NAND2X0  -0.066667          1  0.262500  0.281250
283     U1158    XOR3X1  -0.066667          1  0.350000  0.375000
264     U1139     OR3X1  -0.066667          1  0.175000  0.187500
607     U1482    AO21X1  -0.077869          2  0.175781  0.190625
82       U957   AOI21X1  -0.079545          1  0.175781  0.190972
72       U947   XNOR2X1  -0.082437          2  0.333333  0.363281
45       U920   XNOR2X1  -0.083845          5  0.350000  0.382031
32       U907   MUX21X1  -0.091123         16  0.402778  0.443160
96       U971     INVX0  -0.111111          2  0.500000  0.562500
109      U984    NOR2X0  -0.111842          2  0.234375  0.263889
87       U962   XNOR2X1  -0.123478          4  0.350000  0.399306
79       U954   XNOR3X1  -0.125000          4  0.437500  0.500000
37       U912   XNOR3X1  -0.125000          2  0.437500  0.500000
161     U1036    OA21X1  -0.144222          8  0.125000  0.146066
168     U1043   OA221X1  -0.144551          1  0.134499  0.157227
29       U904   AOI21X1  -0.160000          2  0.450000  0.535714
695     U1570    OA21X1  -0.166667          1  0.312500  0.375000
692     U1567   AOI21X1  -0.166667          1  0.312500  0.375000
698     U1573    AO21X1  -0.166667          1  0.312500  0.375000
445     U1320    AO21X1  -0.166667          1  0.312500  0.375000
681     U1556    AO21X1  -0.166667          1  0.312500  0.375000
687     U1562    AO21X1  -0.166667          1  0.312500  0.375000
519     U1394    AO21X1  -0.166667          1  0.312500  0.375000
449     U1324    AO21X1  -0.166667          1  0.312500  0.375000
295     U1170    OA21X1  -0.166667          1  0.312500  0.375000
314     U1189    OA21X1  -0.166667          1  0.312500  0.375000
703     U1578    OA21X1  -0.166667          1  0.312500  0.375000
312     U1187    AO21X1  -0.166667          1  0.312500  0.375000
311     U1186    OA21X1  -0.166667          1  0.312500  0.375000
516     U1391   AOI21X1  -0.166667          1  0.312500  0.375000
297     U1172    AO21X1  -0.166667          1  0.312500  0.375000
510     U1385   AOI21X1  -0.166667          1  0.312500  0.375000
315     U1190    OA21X1  -0.166667          1  0.312500  0.375000
284     U1159    AO21X1  -0.166667          1  0.312500  0.375000
285     U1160    OA21X1  -0.166667          1  0.312500  0.375000
286     U1161    AO21X1  -0.166667          1  0.312500  0.375000
290     U1165    OA21X1  -0.166667          1  0.312500  0.375000
293     U1168    AO21X1  -0.166667          1  0.312500  0.375000
495     U1370   OA221X1  -0.168452          1  0.148828  0.178977
121      U996    OA21X1  -0.179487          8  0.125000  0.152344
635     U1510    AND2X1  -0.184949          2  0.158482  0.194444
123      U998   NAND2X0  -0.189474          2  0.137500  0.169643
492     U1367   NAND2X0  -0.189474          2  0.137500  0.169643
177     U1052   NAND2X0  -0.189474          2  0.137500  0.169643
78       U953    NOR2X0  -0.192308          0  0.262500  0.325000
512     U1387   NAND2X0  -0.200000          2  0.250000  0.312500
540     U1415     INVX0  -0.200000          2  0.500000  0.625000
175     U1050    OA21X1  -0.201426          8  0.125000  0.156529
30       U905   XNOR3X1  -0.204545          2  0.437500  0.550000
496     U1371   NAND3X0  -0.216590          3  0.037946  0.048438
128     U1003   NAND3X0  -0.222222          3  0.072917  0.093750
182     U1057   NAND3X0  -0.222222          3  0.072917  0.093750
507     U1382     INVX0  -0.259259          1  0.416667  0.562500
683     U1558    NOR2X0  -0.259259          1  0.416667  0.562500
164     U1039     INVX0  -0.259259          1  0.416667  0.562500
668     U1543    NOR2X0  -0.263158          3  0.250000  0.339286
620     U1495    NOR2X0  -0.263158          3  0.250000  0.339286
13       U888   XNOR3X1  -0.284091          1  0.437500  0.611111
682     U1557    AND3X1  -0.288889          4  0.125000  0.175781
625     U1500     INVX0  -0.333333          1  0.416667  0.625000
561     U1436     INVX0  -0.333333          1  0.416667  0.625000
612     U1487     INVX0  -0.333333          1  0.416667  0.625000
610     U1485     INVX0  -0.333333          1  0.416667  0.625000
541     U1416    NOR2X0  -0.333333          1  0.416667  0.625000
567     U1442   NAND2X0  -0.333333          2  0.250000  0.375000
530     U1405     INVX0  -0.333333          1  0.416667  0.625000
652     U1527    NOR2X0  -0.333333          2  0.250000  0.375000
673     U1548     INVX0  -0.333333          1  0.416667  0.625000
548     U1423   NAND2X0  -0.333333          1  0.416667  0.625000
659     U1534     INVX0  -0.333333          1  0.416667  0.625000
602     U1477   NAND2X0  -0.333333          3  0.250000  0.375000
572     U1447     INVX0  -0.333333          1  0.416667  0.625000
490     U1365   AOI21X1  -0.389610          5  0.104911  0.171875
80       U955    OA21X1  -0.400000          4  0.137500  0.229167
12       U887   AOI21X1  -0.442332          5  0.104167  0.186790
558     U1433   NAND2X0  -0.444444          2  0.250000  0.450000
38       U913    OA21X1  -0.446154          3  0.125000  0.225694
65       U940    OA21X1  -0.457627          2  0.125000  0.230469
653     U1528     INVX0  -0.500000          0  0.500000  1.000000
700     U1575   NAND2X0  -0.511111          3  0.137500  0.281250
169     U1044   NAND3X0  -0.563636          0  0.046875  0.107422
547     U1422    NOR2X0  -0.594737          2  0.137500  0.339286
712     U1587    NOR2X0  -0.714286          0  0.125000  0.437500

Suspicious wires (mean_diff>1): 69/726
