    GATE_NAME GATE_TYPE  MEAN_DIFF  SIZE_DIFF      LIM2      LIM4
121      U274     INVX0  31.000000          5  0.125000  0.003906
43       U196    AO21X1   7.400000          6  0.218750  0.026042
49       U202    AO21X1   7.400000          6  0.218750  0.026042
51       U204    AO21X1   7.400000          6  0.218750  0.026042
31       U184    AO21X1   7.400000          6  0.218750  0.026042
107      U260    AND2X1   7.000000          3  0.062500  0.007812
52       U205    AND2X1   7.000000          3  0.062500  0.007812
39       U192   NAND2X0   4.907692          7  0.500000  0.084635
24       U177     INVX0   4.907692          7  0.500000  0.084635
70       U223     INVX0   3.189091          7  0.500000  0.119358
103      U256     INVX0   3.189091          7  0.500000  0.119358
11       U164   NAND2X0   3.143885          7  1.000000  0.241319
82       U235   NAND2X0   3.084711          8  0.416667  0.102006
143      U296   NAND2X0   3.000000          2  0.062500  0.015625
44       U197   NAND2X0   2.814852         12  0.500000  0.131067
61       U214   NAND2X0   2.512195          7  1.000000  0.284722
33       U186   NAND2X0   2.504449         10  0.416667  0.118896
7        U160   NAND2X0   2.222558          7  0.416667  0.129297
36       U189     INVX0   2.191136          7  0.500000  0.156684
27       U180     INVX0   2.191136          7  0.500000  0.156684
34       U187     INVX0   2.191136          7  0.500000  0.156684
89       U242   NAND2X0   1.976915         10  0.229167  0.076981
79       U232   NAND2X0   1.970885         10  0.229167  0.077137
81       U234   NAND2X0   1.945587         10  0.229167  0.077800
105      U258    AND2X1   1.941334         10  0.229167  0.077912
15       U168    AO21X1   1.906901         16  0.189732  0.065270
66       U219   NAND2X0   1.876404          9  0.416667  0.144857
90       U243  AOI222X1   1.648350         17  0.173437  0.065489
102      U255   NAND2X0   1.635294          5  0.500000  0.189732
59       U212    NOR2X0   1.600185          8  0.416667  0.160245
38       U191   NAND3X0   1.589020         16  0.281250  0.108632
22       U175  AOI222X1   1.547499         17  0.173437  0.068081
37       U190    NOR2X0   1.541966          9  0.229167  0.090153
68       U221   NAND2X0   1.527374          8  0.416667  0.164862
75       U228   OA222X1   1.515957         12  0.385417  0.153189
35       U188   NAND2X0   1.483687         10  0.229167  0.092269
12       U165  AOI222X1   1.415176         16  0.173437  0.071812
63       U216  AOI222X1   1.410430          7  0.281250  0.116680
55       U208  AOI222X1   1.410430          7  0.281250  0.116680
100      U253   AO222X1   1.399849         16  0.153239  0.063854
28       U181   NAND2X0   1.369219          9  0.229167  0.096727
113      U266   NAND2X0   1.317460          2  0.162946  0.070312
95       U248    NOR2X0   1.250169          8  0.312500  0.138878
73       U226     INVX0   1.237724         10  0.262500  0.117307
57       U210     INVX0   1.230625         10  0.262500  0.117680
80       U233    AND2X1   1.188601          7  0.375000  0.171342
41       U194     INVX0   1.063787         10  0.262500  0.127193
91       U244   AO221X1   1.030557          7  0.195312  0.096187
85       U238   AO221X1   1.021032          7  0.195312  0.096640
9        U162   OA222X1   1.017127         10  0.294643  0.146071
87       U240   AO221X1   1.012563          7  0.195312  0.097047
106      U259   AO221X1   1.006360          7  0.195312  0.097347
137      U290    AND2X1   1.000000          1  0.062500  0.031250
136      U289    AND3X1   1.000000          1  0.031250  0.015625
122      U275   NAND4X0   1.000000          1  0.007812  0.003906
114      U267   NAND3X0   1.000000          1  0.062500  0.031250
78       U231  OAI221X1   0.930968         10  0.250000  0.129469
14       U167   AO222X1   0.900819         11  0.248047  0.130495
83       U236   NAND2X0   0.892791          8  0.250000  0.132080
30       U183   AO221X1   0.869019          8  0.146484  0.078375
56       U209    OA22X1   0.847769          7  0.312500  0.169123
71       U224    OA22X1   0.847769          7  0.312500  0.169123
45       U198   OAI21X1   0.845638         14  0.171875  0.093125
101      U254    OA21X1   0.754386          6  0.312500  0.178125
42       U195   AO221X1   0.742641          9  0.146484  0.084059
65       U218    XOR2X1   0.740420          7  0.500000  0.287287
25       U178    NOR2X0   0.736111         10  0.156250  0.090000
48       U201  AOI221X1   0.727155          8  0.146484  0.084812
20       U173    XOR2X1   0.699695         10  0.450000  0.264753
50       U203   AO221X1   0.696526          8  0.146484  0.086344
46       U199   NAND2X0   0.665305          9  0.156250  0.093827
86       U239    NOR2X0   0.659365         10  0.156250  0.094162
84       U237     OR2X1   0.655191         10  0.156250  0.094400
6        U159   MUX21X1   0.651613          6  0.300000  0.181641
104      U257    NOR2X0   0.642144         10  0.156250  0.095150
29       U182     OR2X1   0.631683          9  0.156250  0.095760
94       U247   MUX21X1   0.629043          8  0.300000  0.184157
67       U220     INVX0   0.600000          3  0.500000  0.312500
17       U170   AOI21X1   0.597122          3  0.385417  0.241319
0        U153   NAND3X0   0.592373         19  0.094922  0.059610
93       U246   AO221X1   0.568854          7  0.227679  0.145124
16       U169    XOR2X1   0.564886          9  0.416667  0.266260
111      U264   NAND2X0   0.500000          2  0.312500  0.208333
3        U156   AO221X1   0.499602         11  0.126953  0.084658
4        U157    AO21X1   0.487384          8  0.208333  0.140067
32       U185   NAND3X0   0.421538          6  0.262500  0.184659
1        U154   OA221X1   0.401242         15  0.129011  0.092069
64       U217    OA22X1   0.398675          6  0.337500  0.241300
8        U161   NAND2X0   0.388640          8  0.118652  0.085445
18       U171   NAND2X0   0.372081          9  0.118652  0.086476
19       U172   OA222X1   0.371178          6  0.233073  0.169980
23       U176    AO22X1   0.362291          5  0.174609  0.128173
88       U241   OAI21X1   0.353659          3  0.385417  0.284722
77       U230    XOR2X1   0.348788          7  0.357143  0.264788
96       U249    OA21X1   0.333333          1  0.416667  0.312500
92       U245     OR2X1   0.263933         13  0.093484  0.073963
74       U227   NAND2X0   0.253524          8  0.118652  0.094655
26       U179    AO21X1   0.217002          7  0.177083  0.145508
99       U252     INVX0   0.200000          1  0.500000  0.416667
62       U215   NAND3X0   0.191137          7  0.088989  0.074710
10       U163    XOR2X1   0.164800          8  0.350000  0.300481
54       U207   NAND4X0   0.115055          6  0.086587  0.077652
21       U174    AO21X1   0.081081          3  0.416667  0.385417
69       U222   NAND2X0   0.081081          3  0.416667  0.385417
13       U166   AO221X1   0.068843          2  0.108294  0.101319
60       U213     OR2X1   0.056604          4  0.250000  0.236607
147      U300   NAND3X0   0.000000          0  0.250000  0.250000
139      U292    AND2X1   0.000000          0  0.500000  0.500000
131      U284    XOR3X1   0.000000          1  1.000000  1.000000
132      U285    XOR3X1   0.000000          0  1.000000  1.000000
133      U286    XOR2X1   0.000000          0  1.000000  1.000000
134      U287    XOR2X1   0.000000          0  1.000000  1.000000
135      U288    XOR2X1   0.000000          0  1.000000  1.000000
154      U307     OR2X1   0.000000          0  0.500000  0.500000
153      U306    AND2X1   0.000000          0  0.416667  0.416667
138      U291    AND4X1   0.000000          0  0.062500  0.062500
140      U293   NAND3X0   0.000000          0  0.250000  0.250000
129      U282    XOR2X1   0.000000          0  1.000000  1.000000
141      U294   NAND3X0   0.000000          0  0.250000  0.250000
152      U305    AND3X1   0.000000          0  0.250000  0.250000
142      U295   NAND3X0   0.000000          0  0.250000  0.250000
151      U304    AND3X1   0.000000          0  0.250000  0.250000
144      U297     INVX0   0.000000          0  0.250000  0.250000
145      U298    AND2X1   0.000000          0  0.416667  0.416667
146      U299   NAND2X0   0.000000          0  0.069196  0.069196
150      U303    AND3X1   0.000000          0  0.250000  0.250000
149      U302    AND2X1   0.000000          0  0.500000  0.500000
148      U301    AND4X1   0.000000          0  0.125000  0.125000
130      U283    XOR3X1   0.000000          5  1.000000  1.000000
118      U271   NAND4X0   0.000000          0  0.069196  0.069196
128      U281    XOR2X1   0.000000          0  1.000000  1.000000
127      U280    XOR2X1   0.000000          0  1.000000  1.000000
76       U229     INVX0   0.000000          0  1.000000  1.000000
72       U225     INVX0   0.000000          0  1.000000  1.000000
53       U206    AND3X1   0.000000          0  0.072917  0.072917
47       U200     INVX0   0.000000          0  1.000000  1.000000
97       U250     INVX0   0.000000          0  1.000000  1.000000
98       U251     INVX0   0.000000          0  1.000000  1.000000
40       U193     INVX0   0.000000          0  1.000000  1.000000
108      U261    AND4X1   0.000000          0  0.015625  0.015625
109      U262    AND2X1   0.000000          0  0.500000  0.500000
110      U263     INVX0   0.000000          0  1.000000  1.000000
155      U308    AND4X1   0.000000          0  0.125000  0.125000
112      U265   NAND3X0   0.000000          0  0.072917  0.072917
115      U268     INVX0   0.000000          0  0.500000  0.500000
116      U269   NAND2X0   0.000000          0  0.500000  0.500000
117      U270    XOR2X1   0.000000          0  1.000000  1.000000
119      U272    AND2X1   0.000000          0  0.500000  0.500000
120      U273   NAND3X0   0.000000          0  0.250000  0.250000
5        U158   NAND2X0   0.000000          0  0.500000  0.500000
123      U276    AND2X1   0.000000          0  0.500000  0.500000
124      U277    XOR3X1   0.000000          5  1.000000  1.000000
125      U278    XOR3X1   0.000000          1  1.000000  1.000000
126      U279    XOR3X1   0.000000          0  1.000000  1.000000
58       U211   AO221X1  -0.208604          5  0.146484  0.185096
2        U155   NAND3X0  -0.310700          3  0.145399  0.210938

Suspicious wires (mean_diff>1): 52/156
